30
6
33
92 59 43 61 63 65 
672 424 418 58 922 825 
5
14
57 85 71 28 35 
874 104 631 461 335 
5
17
5 24 76 8 49 
563 171 958 125 209 
7
24
90 83 65 69 46 41 34 
937 553 154 355 112 710 296 
7
74
26 56 63 73 97 69 65 
910 926 944 936 800 129 587 
8
64
84 24 13 38 79 98 6 76 
553 745 677 935 706 876 373 56 
9
8
17 64 68 12 72 42 49 5 67 
651 570 583 742 918 116 150 111 543 
10
2
58 64 70 79 16 34 32 48 40 54 
143 756 47 131 525 263 128 919 375 922 
6
96
20 90 85 66 99 7 
917 734 348 582 781 504 
10
89
13 8 1 41 7 33 36 81 91 17 
83 618 519 345 970 491 415 708 294 38 
2
56
49 23 
629 453 
8
93
13 39 65 91 64 37 82 11 
725 415 964 233 754 553 516 244 
3
58
29 21 75 
799 749 580 
10
47
71 92 68 41 97 79 80 7 98 19 
843 543 54 696 419 145 202 196 915 757 
2
90
37 90 
236 150 
9
20
44 52 62 81 53 48 33 85 14 
183 811 204 977 899 780 15 366 847 
6
84
26 92 95 75 16 28 
367 401 728 124 434 255 
3
32
94 9 36 
997 872 874 
5
60
28 87 78 80 40 
524 569 90 354 86 
3
81
51 83 65 
281 457 138 
2
93
73 93 
674 907 
10
72
37 67 15 24 4 29 72 76 59 11 
474 370 759 629 910 635 765 42 808 368 
8
39
32 57 99 8 44 14 67 80 
519 873 756 953 150 213 747 864 
6
22
10 87 31 77 72 3 
560 528 679 697 700 514 
5
94
93 34 24 96 31 
584 702 844 778 881 
5
48
48 50 18 47 11 
286 601 373 268 545 
3
23
72 7 23 
658 708 371 
6
49
74 47 38 73 36 22 
528 809 310 458 770 191 
5
22
58 26 17 1 71 
798 156 526 812 430 
4
84
47 69 66 78 
631 86 624 375 
