30
8
39
81 37 52 41 18 58 47 28 
496 83 78 829 380 679 440 402 
1
67
23 
67 
9
79
96 69 81 27 12 22 71 65 70 
808 62 64 488 663 783 962 946 596 
10
88
52 46 35 61 85 88 19 72 82 48 
16 358 340 741 863 447 33 66 297 722 
6
38
24 75 86 31 1 98 
983 979 891 167 431 305 
3
19
3 33 51 
226 827 61 
10
59
98 87 84 18 46 74 44 50 90 49 
870 932 527 433 971 775 111 54 831 904 
2
49
33 38 
498 613 
9
57
93 14 65 15 21 84 59 67 76 
310 816 858 443 673 998 980 53 8 
6
7
24 90 20 16 87 51 
541 804 715 316 754 788 
1
56
31 
743 
7
52
80 60 91 36 56 5 94 
803 149 855 153 422 320 114 
3
90
18 69 67 
361 737 243 
9
32
57 62 29 51 92 12 63 55 59 
738 119 747 160 439 391 591 610 249 
3
63
32 53 29 
581 151 154 
5
39
29 63 79 57 81 
602 236 646 31 157 
2
7
49 65 
294 678 
7
69
87 75 26 73 27 52 79 
137 959 883 587 611 875 312 
2
27
27 48 
75 128 
7
98
83 19 80 91 79 7 66 
542 942 701 17 797 558 339 
3
64
16 6 68 
243 142 515 
3
59
63 67 43 
631 345 504 
2
38
99 94 
695 404 
5
98
52 59 86 33 21 
563 579 968 707 967 
5
1
45 37 15 61 4 
862 165 979 22 216 
6
7
65 25 79 40 66 52 
734 162 71 667 34 328 
8
77
32 27 84 1 60 28 41 12 
924 822 65 761 398 236 602 136 
3
53
22 57 5 
247 984 610 
5
29
21 13 64 76 36 
163 489 506 751 629 
8
46
16 67 63 87 30 27 73 78 
578 335 314 490 55 257 894 650 
