30
9
37
79 14 39 80 81 19 61 43 91 
268 760 28 93 866 137 403 514 531 
1
21
46 
615 
7
58
2 48 25 68 8 26 54 
22 745 890 754 244 867 952 
5
37
67 88 91 32 44 
662 105 808 50 844 
1
61
4 
242 
6
99
65 73 32 34 97 64 
102 203 496 940 387 705 
10
73
22 29 49 62 36 44 48 42 19 38 
65 926 89 443 148 359 287 883 590 274 
7
7
28 52 57 87 75 60 1 
27 465 63 146 174 743 548 
5
51
38 60 24 33 91 
757 925 628 968 647 
2
64
56 84 
282 2 
3
1
14 90 95 
804 938 101 
4
57
1 81 96 6 
787 622 128 198 
8
92
7 10 62 29 30 47 97 11 
488 932 739 961 965 897 836 551 
5
82
6 16 27 32 85 
279 715 616 362 193 
10
37
80 33 44 18 94 70 34 30 57 64 
116 121 984 180 225 817 870 769 587 51 
1
5
4 
887 
4
90
74 98 58 85 
191 291 814 418 
5
16
94 44 87 3 13 
484 434 535 615 167 
6
89
98 80 3 22 92 47 
403 433 329 962 642 687 
7
60
62 81 79 42 84 97 24 
29 122 81 417 616 783 343 
10
40
99 7 30 34 55 82 52 50 95 24 
260 745 864 764 150 101 899 210 970 385 
3
57
78 98 75 
909 157 921 
3
53
28 70 86 
981 76 126 
5
50
46 48 54 57 5 
967 465 538 529 297 
7
58
76 70 80 8 69 13 48 
659 472 633 776 998 725 828 
9
25
4 57 54 58 15 77 1 99 47 
655 632 914 112 440 606 776 625 59 
10
63
76 21 59 60 18 51 98 79 14 40 
578 872 132 46 115 87 308 155 451 605 
2
49
28 57 
537 668 
5
48
31 93 82 89 35 
476 685 516 537 722 
1
16
78 
550 
