30
7
58
6 7 48 60 84 46 94 
637 24 641 76 400 249 610 
2
64
92 85 
280 979 
5
58
61 46 59 29 79 
609 553 271 504 446 
7
90
24 75 9 54 43 23 52 
940 851 386 836 279 569 580 
9
100
12 80 85 31 86 4 94 76 68 
571 26 839 441 410 600 39 408 728 
3
17
16 70 79 
653 966 398 
8
41
41 66 84 78 96 38 63 58 
294 133 203 873 69 610 54 854 
2
80
38 8 
743 266 
3
56
82 20 60 
485 74 259 
8
61
4 56 27 75 68 48 6 77 
64 399 487 795 156 349 993 825 
1
82
33 
805 
8
4
36 22 30 46 3 25 21 69 
115 688 638 468 138 799 277 121 
2
48
79 8 
722 648 
5
87
63 82 47 65 80 
926 754 77 962 882 
6
67
72 8 46 91 20 19 
192 288 955 293 88 591 
8
64
51 63 53 94 28 81 99 31 
375 618 927 168 396 340 276 512 
8
29
71 31 43 68 88 99 3 95 
481 598 309 946 136 25 48 461 
3
93
1 39 27 
259 703 429 
3
17
61 72 44 
91 669 775 
10
57
50 23 45 93 31 62 70 47 86 96 
845 205 378 321 522 815 929 650 82 727 
7
78
14 32 92 6 89 3 48 
535 705 25 306 482 487 586 
2
12
34 25 
892 771 
10
49
2 71 10 17 28 83 21 68 48 20 
985 301 843 452 725 644 230 294 856 557 
4
38
35 73 6 40 
715 211 367 876 
9
15
59 80 52 78 85 77 3 84 76 
219 768 442 255 229 874 243 416 958 
2
46
39 69 
532 803 
2
66
82 9 
903 500 
4
20
61 98 23 1 
238 904 809 730 
4
22
48 60 40 10 
502 228 112 676 
8
64
61 11 89 70 34 82 19 92 
387 409 454 256 717 381 210 828 
