30
9
63
44 7 88 67 43 41 99 78 69 
394 563 250 119 526 272 756 108 561 
1
50
10 
816 
6
50
98 17 29 37 11 51 
813 957 52 134 891 587 
9
23
53 19 54 27 56 66 4 12 93 
19 709 758 829 112 94 284 517 178 
3
13
17 69 40 
8 565 456 
8
95
75 46 87 59 68 63 11 26 
816 523 494 227 525 392 668 840 
8
90
11 13 25 39 37 69 45 15 
614 983 246 326 418 72 898 144 
3
96
25 1 53 
525 22 987 
9
73
23 43 16 63 30 70 24 87 95 
634 869 68 876 992 132 302 369 741 
10
40
81 39 3 87 25 13 98 75 37 22 
419 156 459 126 642 100 728 581 142 942 
5
33
35 2 39 46 79 
242 447 116 495 622 
9
32
28 44 68 54 84 73 78 35 57 
855 207 188 448 13 318 418 606 104 
7
61
20 95 8 10 94 76 85 
805 184 31 882 200 355 36 
8
68
52 71 21 3 39 51 13 7 
78 419 19 373 295 243 727 119 
3
6
58 49 48 
622 774 396 
3
12
50 25 33 
203 154 629 
7
86
94 12 50 23 79 76 5 
527 131 298 773 540 777 685 
10
38
89 74 77 22 66 90 71 87 98 20 
233 670 546 449 697 950 26 662 394 418 
8
80
60 75 87 88 9 70 19 91 
344 816 442 844 181 364 594 709 
9
83
16 24 10 25 87 56 81 42 85 
161 474 861 374 54 470 526 848 557 
10
93
42 96 52 1 94 56 65 43 76 90 
255 44 131 856 786 358 850 403 507 414 
1
82
45 
677 
10
85
80 9 15 42 55 33 70 24 76 88 
61 895 37 478 664 407 440 670 837 602 
3
71
98 92 23 
552 891 323 
9
13
75 82 76 20 39 87 15 10 69 
281 567 397 269 214 629 652 735 814 
7
9
43 65 44 34 35 66 11 
898 666 15 752 859 416 91 
7
97
83 28 75 25 92 42 82 
465 766 512 921 395 922 994 
4
80
91 14 65 82 
217 433 651 190 
5
35
55 59 7 93 30 
591 956 141 470 674 
1
74
46 
310 
