30
6
6 16 17 21 26 28 
14 22 27 22 29 29 
11
2 6 7 10 14 15 17 18 21 27 29 
10 30 25 26 19 18 18 20 28 30 30 
14
1 2 4 5 6 10 12 14 16 19 20 23 24 26 
8 20 20 8 28 11 29 29 22 25 29 28 28 30 
5
14 15 16 17 26 
21 30 19 19 29 
8
1 2 3 4 10 15 21 26 
5 16 24 21 26 28 28 29 
6
5 11 17 20 23 25 
23 16 19 23 29 26 
10
5 6 7 8 9 11 14 23 24 26 
11 24 20 28 28 14 18 29 29 30 
15
3 4 6 7 8 10 13 18 19 21 22 23 26 27 28 
27 26 21 10 14 30 23 28 21 22 23 25 27 30 29 
14
2 3 5 8 11 14 17 18 19 20 22 24 28 29 
12 29 14 26 12 15 29 27 26 23 27 28 30 30 
14
1 2 3 7 12 14 15 16 19 20 21 22 25 29 
19 6 24 16 24 30 29 22 26 28 27 28 30 30 
5
4 11 18 21 24 
20 25 25 28 28 
8
1 4 6 12 16 18 26 29 
10 18 21 27 22 26 27 30 
8
2 3 6 9 11 15 18 21 
25 17 12 25 15 22 25 29 
14
3 7 9 11 12 14 15 16 17 18 20 24 25 26 
8 25 29 15 26 22 23 26 24 30 28 28 28 30 
6
2 15 18 19 26 29 
23 17 27 26 28 30 
7
2 8 13 16 18 27 28 
23 26 25 17 22 30 30 
6
4 8 10 11 19 20 
25 30 22 19 30 26 
10
1 2 5 6 11 13 14 18 24 25 
10 28 29 29 25 24 28 27 28 28 
13
1 8 9 10 12 14 17 19 22 24 25 26 28 
7 18 29 15 26 29 29 20 26 28 26 27 30 
10
1 8 16 18 20 21 24 27 28 29 
2 22 18 27 29 23 25 28 30 30 
9
6 7 11 12 16 19 24 26 27 
27 29 27 29 25 23 30 28 28 
9
6 7 9 10 16 17 18 26 29 
18 13 16 17 27 24 26 28 30 
13
1 4 7 8 10 16 17 19 22 23 25 26 27 
29 26 28 27 29 30 20 23 27 28 27 27 28 
12
1 3 4 8 11 14 15 17 24 25 27 29 
27 29 16 18 28 28 23 21 26 29 28 30 
13
2 4 5 6 8 9 11 14 17 18 22 25 27 
20 30 26 15 19 22 25 16 21 28 24 30 30 
7
10 11 12 13 16 20 27 
15 15 30 24 22 27 30 
7
2 5 6 13 14 22 28 
10 23 8 14 18 29 30 
11
1 6 7 8 10 14 16 18 19 24 26 
6 15 14 30 22 23 22 25 24 27 29 
14
1 3 5 10 13 15 16 18 19 20 21 22 24 26 
17 11 18 17 23 27 18 23 22 28 26 27 25 30 
13
3 5 7 8 9 10 11 12 15 19 20 25 28 
22 13 21 23 13 13 29 15 22 29 21 26 29 
