30
7
5 12 13 18 20 25 27 
8 25 16 20 26 26 28 
15
1 2 3 4 9 15 16 17 19 21 23 24 25 27 28 
14 7 18 14 17 27 20 20 24 24 28 26 26 29 30 
11
2 11 12 13 14 16 18 21 26 28 29 
9 14 14 23 24 19 28 23 28 29 30 
14
1 2 5 7 8 10 14 18 21 24 25 26 28 29 
17 8 27 9 24 13 19 27 24 29 30 28 29 30 
8
2 3 4 9 10 16 18 29 
11 27 5 12 23 24 30 30 
7
2 12 15 19 21 23 28 
27 28 16 22 22 30 29 
14
1 2 3 5 8 10 11 12 13 15 16 18 26 28 
28 16 11 25 9 14 21 22 27 28 17 23 29 29 
13
5 6 9 10 11 12 13 14 15 19 21 22 29 
13 29 16 27 29 19 30 17 29 23 23 30 30 
7
7 8 10 13 17 25 27 
25 28 20 28 30 27 30 
12
1 6 7 8 9 13 14 15 18 25 26 27 
7 28 21 15 20 24 25 20 27 26 29 30 
14
1 3 5 7 8 11 15 16 20 22 23 26 28 29 
25 14 10 8 12 25 17 27 23 26 28 27 30 30 
11
3 4 5 8 15 16 17 18 23 25 29 
8 26 30 30 22 20 22 28 30 28 30 
10
5 6 10 12 22 24 25 27 28 29 
25 22 11 22 29 29 29 28 29 30 
11
5 6 9 12 15 17 22 23 27 28 29 
22 18 10 26 16 22 24 26 28 29 30 
6
8 12 13 22 28 29 
24 20 20 27 29 30 
5
9 22 24 27 29 
26 25 29 30 30 
8
1 5 8 10 11 16 18 26 
19 9 21 13 28 26 28 30 
9
8 9 16 19 20 22 25 26 28 
17 23 26 24 27 26 27 30 30 
7
2 6 11 15 16 19 22 
10 17 24 20 23 26 26 
8
3 4 5 9 12 13 14 19 
20 20 13 14 29 28 23 22 
15
1 2 3 6 8 11 12 15 17 18 19 20 23 24 29 
14 14 5 17 27 26 28 23 28 29 21 21 28 26 30 
11
4 9 13 15 16 17 18 23 27 28 29 
29 10 16 18 30 28 22 28 28 30 30 
7
4 6 8 12 15 25 27 
7 9 21 13 17 26 28 
9
2 3 7 9 13 19 23 25 28 
10 24 16 16 19 30 28 26 29 
7
2 3 6 8 11 12 29 
22 10 8 24 23 19 30 
9
3 5 9 10 12 14 16 17 23 
28 23 23 13 28 27 26 20 26 
12
6 7 9 12 14 15 17 19 22 23 25 27 
9 30 27 19 24 22 23 27 25 24 26 30 
9
6 11 12 13 17 20 21 23 27 
15 23 14 16 18 24 27 25 29 
9
1 6 9 13 17 18 19 20 22 
19 27 17 17 25 25 27 24 29 
14
2 3 4 6 8 14 15 17 20 21 22 27 28 29 
24 27 30 27 30 28 16 26 29 29 23 30 29 30 
