30
12
2 6 7 10 11 12 15 16 24 25 26 29 
16 18 14 15 17 24 18 24 28 27 29 30 
9
2 8 12 13 16 18 20 22 24 
27 29 20 16 18 27 24 30 26 
6
7 11 12 19 25 26 
19 20 22 22 29 30 
5
4 9 21 27 28 
14 26 26 29 30 
15
2 3 4 5 6 10 14 17 18 19 21 23 24 27 28 
28 27 14 27 14 24 29 28 24 24 30 28 27 29 29 
7
2 8 16 17 20 23 24 
7 22 24 24 24 29 29 
14
1 2 7 11 15 16 17 18 19 21 22 25 27 28 
25 24 28 22 28 28 21 28 24 26 27 30 30 29 
12
2 3 4 6 7 9 13 14 18 19 20 21 
27 11 25 16 26 12 14 15 24 30 27 29 
10
1 2 9 12 14 15 18 19 22 24 
2 29 18 26 25 16 30 30 23 26 
13
1 2 5 6 9 10 13 15 16 18 20 24 29 
17 16 22 26 12 19 14 16 26 29 29 26 30 
6
4 9 18 22 24 29 
26 21 21 27 28 30 
15
1 3 5 6 7 10 12 13 14 17 20 21 22 26 27 
29 14 13 11 17 18 14 30 15 22 25 25 24 27 29 
8
2 11 13 17 18 20 23 29 
23 21 20 28 25 22 26 30 
13
2 3 4 6 8 9 11 12 16 18 23 24 28 
8 17 27 30 13 22 28 24 17 23 30 25 29 
7
2 12 13 14 16 18 27 
22 30 28 23 18 21 30 
14
4 5 6 8 12 15 17 18 19 22 23 24 26 29 
23 23 13 13 26 21 22 27 27 30 29 25 30 30 
11
3 11 12 14 15 16 20 24 25 26 27 
26 18 20 18 16 30 25 26 29 30 28 
12
4 6 9 10 12 13 18 19 20 22 24 25 
7 29 21 28 18 19 27 20 29 28 29 27 
12
2 4 8 12 13 14 16 18 20 25 26 29 
8 7 10 23 16 21 22 28 24 27 28 30 
5
13 14 15 17 18 
23 23 21 25 22 
10
8 10 11 12 14 16 19 24 25 29 
27 11 25 16 15 20 27 30 30 30 
10
2 8 9 10 12 15 16 17 18 19 
24 17 23 26 21 18 18 27 20 22 
7
3 11 12 16 17 24 28 
10 22 23 27 26 28 30 
13
2 4 5 7 10 12 14 15 19 23 24 25 27 
13 11 27 16 28 14 29 30 24 30 25 26 30 
5
5 7 9 13 15 
9 25 21 28 16 
8
4 8 15 16 19 24 25 27 
13 25 22 29 25 25 28 29 
11
4 5 8 9 12 14 18 20 22 23 25 
26 11 30 20 21 25 28 29 23 29 29 
9
2 7 10 11 12 14 16 20 26 
6 29 21 13 26 26 28 30 27 
5
11 13 15 20 27 
19 22 19 29 29 
10
2 4 6 7 8 9 17 19 27 28 
16 21 8 14 22 11 23 20 30 29 
