30
9
9 22 28 21 25 10 24 8 27 
13 23 23 24 25 29 29 30 30 
14
5 27 2 23 6 24 16 17 14 13 19 9 21 18 
10 18 18 19 19 20 21 22 22 25 27 28 29 30 
5
12 5 4 19 18 
21 22 22 28 30 
5
17 10 6 15 2 
9 16 20 24 29 
10
26 25 19 11 17 15 1 16 10 29 
3 11 24 24 25 26 26 29 30 30 
7
20 11 7 1 23 24 27 
13 22 22 25 26 28 28 
9
4 20 16 28 2 27 11 12 5 
7 8 19 21 22 26 28 28 30 
7
15 29 13 11 28 2 8 
17 18 19 23 24 30 30 
6
28 26 14 18 22 1 
19 22 27 27 28 29 
14
29 3 26 28 7 1 5 27 13 20 14 24 17 11 
7 16 18 18 20 20 21 23 26 27 29 30 30 30 
5
28 17 2 20 5 
12 15 22 23 29 
11
16 4 24 14 8 19 26 1 3 27 15 
8 13 20 21 22 25 26 27 28 29 30 
7
12 5 26 25 8 3 27 
12 18 23 26 30 30 30 
9
4 5 8 6 19 16 2 21 13 
10 11 15 15 20 20 22 28 29 
14
12 11 28 10 19 14 22 20 29 16 2 8 15 13 
13 19 20 21 23 24 24 25 26 26 28 29 29 30 
5
7 4 16 29 27 
9 10 24 30 30 
6
24 4 12 15 2 26 
7 9 25 27 28 29 
7
5 2 21 23 10 24 4 
20 21 22 24 27 28 30 
14
6 1 20 4 16 14 29 12 23 21 15 5 7 10 
7 11 15 17 18 18 24 25 25 25 27 28 29 30 
5
21 11 23 2 6 
18 25 25 26 30 
9
11 26 29 3 22 27 20 16 12 
13 17 21 26 27 28 28 29 30 
11
16 4 26 8 9 1 5 23 2 21 17 
9 10 14 16 18 18 19 20 26 30 30 
14
8 2 24 12 16 29 15 1 7 5 17 10 20 14 
13 17 18 19 19 22 24 25 28 28 29 30 30 30 
10
14 29 19 1 11 21 8 24 23 27 
22 22 24 24 25 26 27 27 29 30 
12
4 16 17 2 8 24 19 6 9 1 12 10 
2 14 15 16 18 18 22 22 24 29 29 30 
11
22 7 8 21 18 25 15 9 3 10 1 
10 17 18 23 24 25 26 26 26 27 30 
8
16 27 1 3 23 11 19 22 
7 18 25 25 27 27 29 30 
9
28 10 3 23 22 17 29 18 19 
19 24 25 25 26 30 30 30 30 
7
19 21 5 11 9 1 13 
8 11 15 26 29 30 30 
14
15 29 26 21 14 19 1 5 27 8 28 20 17 23 
13 19 21 22 22 22 24 27 27 28 28 29 30 30 
