30
6
7 8 9 11 16 26 
11 21 15 19 23 30 
8
1 2 12 19 21 24 27 29 
16 25 25 24 29 27 28 30 
11
1 3 9 14 15 17 18 20 21 27 29 
5 12 23 21 23 27 27 27 24 28 30 
11
2 5 6 10 14 17 19 22 23 27 29 
4 22 14 17 20 26 28 29 24 28 30 
14
2 5 6 7 8 13 14 15 20 22 24 26 27 28 
24 19 17 27 20 23 19 23 25 29 26 27 30 29 
6
1 4 6 26 28 29 
24 16 14 28 30 30 
13
1 3 6 7 12 13 15 18 19 22 23 27 29 
18 16 27 14 29 18 28 22 26 25 24 29 30 
7
1 4 6 8 9 10 19 
21 30 17 20 21 25 30 
15
3 4 5 6 7 9 11 13 14 18 23 24 25 26 28 
26 30 27 21 29 25 14 21 21 19 25 26 26 28 30 
11
2 4 10 12 13 14 17 20 23 25 26 
18 17 21 28 24 19 26 30 28 28 30 
10
3 6 9 10 12 13 14 18 23 24 
16 24 13 29 22 25 25 30 28 27 
15
1 2 4 5 6 7 9 10 13 15 17 19 25 27 28 
26 7 26 30 29 8 30 28 29 29 29 23 27 29 30 
8
5 8 9 14 16 17 25 26 
27 26 11 24 28 25 28 28 
15
2 3 6 7 8 10 11 13 19 20 22 25 26 27 28 
11 10 15 25 15 14 18 20 23 21 29 28 28 28 30 
8
3 6 9 10 16 17 25 29 
30 13 25 25 25 20 30 30 
14
1 2 3 4 5 8 10 11 13 14 15 21 25 27 
19 3 29 13 15 11 13 29 21 30 29 29 27 28 
7
2 8 9 12 18 21 22 
26 10 17 20 29 26 25 
12
1 5 7 9 13 15 16 17 18 21 24 29 
14 10 30 13 25 18 29 27 19 27 28 30 
11
1 5 6 7 13 16 18 21 23 27 28 
26 11 14 9 17 25 24 27 27 28 29 
14
2 3 4 6 7 10 11 12 14 16 17 23 27 29 
21 8 21 27 17 14 22 15 15 29 19 27 30 30 
11
2 3 4 7 11 12 20 24 25 26 27 
29 5 27 18 26 16 21 28 30 27 29 
5
1 2 11 18 27 
30 6 18 20 28 
5
2 8 9 21 23 
25 14 12 23 26 
5
5 8 14 15 26 
14 13 15 16 27 
11
1 4 7 8 12 13 14 16 17 22 27 
26 7 14 30 14 16 21 18 29 26 29 
15
4 5 6 8 10 11 13 16 19 20 21 25 27 28 29 
15 17 26 24 25 12 23 21 28 21 26 29 29 29 30 
13
1 3 4 5 6 8 14 19 20 21 22 27 29 
19 21 29 16 24 26 29 28 23 24 26 29 30 
8
1 6 8 9 10 11 16 18 
10 30 10 19 23 12 22 26 
9
1 2 4 10 14 15 19 22 27 
30 21 12 14 20 18 22 26 30 
12
1 2 6 7 9 13 15 17 26 27 28 29 
20 5 27 16 21 22 28 26 28 30 29 30 
