7
9
0 4 0 0 0 0 0 8 0
4 0 8 0 0 0 0 11 0
0 8 0 7 0 4 0 0 2
0 0 7 0 9 14 0 0 0
0 0 0 9 0 10 0 0 0
0 0 4 14 10 0 2 0 0
0 0 0 0 0 2 0 1 6
8 11 0 0 0 0 1 0 7
0 0 2 0 0 0 6 7 0
0
5
11 28 16 3 38 
33 0 5 40 16 
0 9 0 47 39 
4 14 31 21 3 
11 8 22 34 13 
1
17
43 38 27 39 5 10 31 15 3 17 0 37 16 46 44 34 36 
44 48 37 29 36 45 23 9 1 24 46 17 41 33 16 6 21 
7 24 45 22 48 43 18 44 38 11 4 42 20 30 36 21 3 
34 20 36 11 33 24 0 1 41 23 48 8 37 18 30 14 32 
23 4 19 42 32 8 1 48 25 26 34 24 44 38 39 14 6 
41 32 35 24 13 25 16 48 11 43 36 0 21 15 5 10 19 
2 29 40 0 28 19 25 23 46 10 20 3 15 43 31 39 49 
11 36 15 23 43 8 47 30 32 38 34 22 41 9 2 19 46 
32 36 34 26 23 27 35 25 14 13 37 7 45 20 49 38 41 
14 9 28 27 35 10 21 34 16 3 19 36 44 37 6 33 42 
27 17 30 2 15 41 4 32 14 21 47 26 48 34 33 6 36 
48 17 32 40 20 0 28 21 4 22 23 6 15 27 39 31 19 
34 24 14 26 47 11 23 40 39 22 10 27 25 48 2 20 6 
18 35 43 14 25 1 6 32 15 23 11 2 42 29 48 8 45 
29 32 14 38 36 47 35 21 10 44 11 30 34 13 9 24 8 
13 18 4 49 36 32 14 35 21 17 41 6 30 5 7 27 38 
19 3 48 34 8 0 21 31 18 1 33 14 35 9 27 7 38 
4
16
27 10 41 17 45 49 37 32 28 6 31 22 48 43 24 14 
46 19 7 20 23 9 43 34 6 48 49 41 30 35 11 29 
41 27 31 33 37 8 23 3 19 34 29 17 32 22 43 35 
24 44 11 31 28 6 22 5 35 48 2 19 8 46 34 4 
39 40 1 38 13 35 27 48 25 15 43 6 28 23 21 42 
0 45 35 30 8 11 14 34 19 24 26 15 22 6 32 46 
19 44 10 9 47 2 20 33 24 48 22 6 25 30 17 29 
45 5 26 17 3 10 20 30 41 15 8 16 25 14 13 46 
47 31 25 15 34 46 45 7 14 33 44 24 6 3 27 9 
6 21 25 14 27 23 48 39 47 18 5 42 17 35 29 34 
6 27 37 49 39 31 48 16 21 32 25 11 28 42 9 45 
44 10 46 1 27 8 23 29 33 42 19 9 16 45 49 15 
46 15 41 26 17 22 38 6 48 35 14 7 25 11 1 18 
3 39 22 2 6 7 42 43 1 9 23 15 5 4 14 37 
45 37 27 29 5 1 21 17 41 9 0 31 22 11 46 10 
22 16 37 49 15 27 41 42 44 40 2 4 13 3 31 5 
14
11
2 33 26 9 45 27 35 3 19 34 42 
36 18 4 38 11 27 40 30 22 23 29 
40 39 47 30 17 22 34 24 8 45 15 
14 10 35 0 23 46 15 19 18 13 4 
1 7 47 31 44 48 43 22 14 37 33 
8 24 20 44 18 40 26 49 7 16 14 
1 37 2 22 32 47 29 38 40 17 3 
23 11 43 38 30 33 29 35 16 15 17 
20 31 11 22 35 0 29 37 39 15 21 
11 44 16 2 3 0 45 17 48 10 34 
36 1 39 11 29 14 44 32 21 46 20 
8
20
16 10 22 20 36 30 42 28 38 41 26 8 1 39 21 40 35 25 24 7 
35 4 28 44 43 14 40 46 18 24 23 15 6 31 22 45 29 36 27 32 
30 48 47 21 32 37 16 10 15 24 26 28 7 40 1 41 5 36 14 2 
14 0 23 7 36 8 26 21 49 37 2 1 9 39 40 11 32 5 13 45 
38 33 4 8 34 14 49 36 40 43 46 7 44 3 22 13 35 19 6 30 
20 25 39 45 21 6 26 5 8 23 18 37 40 3 11 27 17 49 33 14 
3 49 36 45 28 26 18 13 43 14 21 23 47 38 10 4 2 37 30 7 
44 33 22 31 17 28 14 11 27 3 26 13 34 30 23 41 6 39 9 8 
17 45 9 25 33 37 18 8 47 6 26 20 42 11 28 14 13 5 21 0 
3 22 35 18 37 27 47 1 32 36 44 9 5 4 24 0 48 39 10 29 
16 29 36 22 41 49 37 5 21 23 27 15 32 18 30 47 11 34 25 2 
45 24 48 21 20 27 42 22 14 47 6 39 34 0 49 31 8 4 3 29 
1 3 10 8 34 24 18 36 27 43 48 14 9 29 40 2 47 11 42 20 
21 25 42 6 36 9 45 17 35 37 5 14 30 43 2 27 10 46 34 13 
0 25 33 16 8 20 39 37 30 41 29 24 13 15 14 2 48 5 42 44 
45 42 30 49 31 47 38 48 13 46 19 36 43 25 22 33 41 29 32 0 
26 42 3 15 21 24 22 29 8 33 23 30 10 6 17 36 7 45 11 28 
39 10 2 43 15 23 5 6 46 16 38 21 14 33 22 36 19 26 25 30 
11 18 30 7 37 42 26 23 9 28 45 3 17 32 39 41 15 10 4 47 
44 43 38 29 47 17 33 36 9 41 34 35 31 26 16 15 46 11 23 10 
15
5
8 21 47 32 28 
43 23 39 1 31 
35 10 15 41 47 
16 42 49 34 23 
16 21 17 18 1 
2