30
7
60
22 79 24 43 8 65 20 
70 99 209 591 793 327 93 
4
10
60 28 48 94 
320 223 651 41 
3
98
62 30 46 
319 723 494 
10
37
6 71 33 8 72 83 27 14 79 24 
895 82 129 984 55 340 844 972 906 723 
6
44
44 67 26 21 37 51 
4 325 273 678 404 612 
9
47
94 63 76 70 9 32 45 3 1 
500 285 23 97 705 558 588 667 245 
10
84
20 95 19 62 3 83 17 25 8 84 
25 872 93 374 187 64 716 637 621 584 
9
99
37 49 17 82 98 70 41 81 56 
888 641 529 113 122 117 873 255 708 
3
36
85 30 17 
52 184 421 
9
3
13 20 42 38 51 64 34 52 68 
180 698 488 751 160 816 702 345 50 
10
94
68 39 28 65 18 61 51 66 80 98 
67 263 540 159 734 104 97 820 425 73 
1
42
12 
694 
6
87
16 87 37 78 42 80 
700 730 613 950 49 364 
8
59
24 57 59 25 56 30 79 63 
404 163 516 931 81 284 968 808 
1
88
82 
534 
4
91
87 77 96 47 
439 289 484 476 
5
40
36 65 16 37 46 
102 406 540 613 4 
4
77
27 69 16 1 
734 112 537 505 
2
25
88 20 
433 603 
7
71
17 2 53 6 70 87 25 
753 542 837 995 329 413 841 
6
8
89 74 69 27 36 76 
513 434 2 208 486 825 
2
95
98 69 
138 495 
5
55
59 89 27 71 90 
224 223 805 325 315 
6
73
27 79 35 59 85 78 
470 469 345 182 989 86 
10
62
98 54 92 29 73 67 60 74 19 71 
657 460 212 437 340 191 428 518 784 119 
9
90
47 33 66 50 68 17 37 35 94 
743 607 143 462 72 638 271 433 524 
7
19
5 91 56 38 4 7 85 
536 569 433 514 332 116 655 
10
85
73 22 9 42 50 59 87 85 35 33 
81 644 376 227 929 255 287 5 280 470 
7
30
32 84 4 87 33 38 64 
764 55 705 875 11 696 599 
6
35
63 25 47 5 33 50 
481 314 561 502 187 320 
