30
8
6 10 12 14 16 19 22 27 
89
6
4 12 17 21 27 28 
87
9
2 3 6 8 10 11 13 22 27 
63
8
8 10 11 13 14 15 25 28 
82
7
1 2 11 19 23 27 28 
64
8
1 2 12 13 16 17 19 29 
96
5
5 11 17 20 26 
24
5
10 14 20 22 27 
77
7
6 7 12 17 22 24 25 
81
4
9 20 24 26 
48
10
2 11 14 15 20 21 22 24 27 29 
67
6
1 3 6 9 17 21 
69
6
8 9 11 13 23 25 
88
8
1 8 16 17 22 25 26 27 
91
8
1 5 6 10 15 16 25 29 
93
10
2 5 7 9 10 11 17 19 23 25 
60
10
1 4 7 13 17 18 20 21 23 29 
58
6
5 8 17 20 24 29 
89
10
1 5 6 7 10 12 17 22 24 26 
29
5
4 6 10 18 28 
32
10
1 3 6 7 10 16 20 22 27 29 
60
9
2 10 12 21 23 24 26 28 29 
65
7
6 14 16 17 23 25 29 
22
5
10 19 21 24 28 
48
8
4 5 8 9 14 19 22 24 
57
5
4 9 15 22 23 
74
7
3 8 9 19 20 21 26 
38
6
3 6 8 15 24 25 
72
5
3 4 15 19 28 
43
7
1 3 4 5 7 26 29 
17
