30
3
1 9 22 
81
5
7 17 20 25 28 
69
9
5 9 12 13 15 16 21 24 28 
25
9
1 3 8 12 15 17 21 26 28 
90
4
13 19 22 26 
89
5
1 4 18 20 23 
66
7
9 12 13 19 22 24 27 
65
6
14 16 20 23 24 26 
52
8
1 6 7 12 17 19 21 29 
65
6
2 8 10 11 19 28 
88
7
1 3 6 12 15 17 29 
42
8
2 3 7 13 15 16 25 26 
77
6
8 14 15 17 18 19 
65
3
11 18 22 
77
9
1 5 10 14 17 18 19 20 29 
51
3
3 8 28 
31
8
3 10 11 12 17 21 24 29 
38
7
1 6 7 16 17 18 20 
96
7
2 3 4 17 21 22 24 
41
8
11 13 17 21 22 24 26 28 
28
4
4 5 18 25 
30
7
3 4 10 11 13 19 28 
96
7
3 10 11 14 15 18 21 
45
10
1 10 12 14 18 22 23 25 26 28 
71
4
2 5 17 28 
52
4
2 12 23 28 
22
4
1 4 8 9 
69
7
3 10 12 15 17 25 29 
34
9
2 4 12 13 14 20 21 23 25 
78
8
1 5 8 15 17 20 22 23 
31
