30
6
7 10 11 15 20 26 
71
9
1 4 8 9 18 20 23 24 26 
88
10
1 2 3 11 12 15 18 22 23 29 
90
7
1 10 14 20 22 26 29 
57
7
2 5 13 18 22 25 26 
32
4
8 10 16 21 
46
10
4 6 8 9 11 13 14 16 20 25 
17
5
10 11 14 16 22 
83
5
3 14 16 22 29 
24
4
5 13 22 27 
55
8
3 8 10 12 14 24 25 29 
69
7
6 7 10 13 15 25 27 
68
4
8 10 13 22 
75
5
4 7 14 16 19 
25
8
6 9 10 11 13 20 24 27 
95
4
9 12 13 29 
73
6
2 4 7 18 22 28 
65
8
8 9 10 12 19 23 27 28 
73
3
17 19 29 
48
3
1 16 22 
33
6
10 11 18 24 27 29 
54
4
13 15 16 21 
91
8
6 8 10 15 19 23 24 28 
93
5
7 8 18 20 25 
19
7
1 4 10 13 17 20 23 
37
7
2 6 7 9 11 20 27 
60
10
1 2 8 15 17 18 20 21 25 26 
100
7
1 11 12 15 18 21 28 
43
3
16 17 19 
56
10
5 8 10 13 18 19 20 21 26 29 
74
