30
6
1 7 11 14 17 22 
32
9
1 5 6 10 12 13 14 15 17 
24
5
3 6 20 22 27 
16
7
2 3 4 10 13 18 27 
60
9
3 4 7 9 11 18 20 25 28 
88
9
4 12 13 14 17 20 22 24 29 
95
5
11 15 25 26 28 
66
3
5 10 22 
42
5
1 16 21 25 29 
49
8
1 4 6 8 9 22 23 25 
65
6
1 5 12 14 23 24 
72
10
2 5 7 11 13 14 17 23 24 28 
35
9
3 4 8 12 14 16 18 20 25 
49
7
1 7 8 12 20 23 27 
20
3
20 23 27 
62
7
1 5 6 10 16 24 29 
57
4
4 11 24 28 
26
6
3 4 8 12 13 28 
56
8
6 9 11 18 21 23 25 28 
67
5
8 19 20 24 27 
29
10
1 3 4 7 8 9 13 16 18 21 
90
7
1 2 5 8 9 19 28 
38
8
2 7 8 18 21 24 26 28 
65
10
2 4 5 6 12 19 23 26 27 28 
91
5
2 8 9 14 17 
97
6
3 14 15 18 21 29 
26
3
1 3 10 
29
8
4 5 7 12 15 17 24 29 
98
4
1 3 4 10 
50
6
8 9 11 20 27 29 
77
