30
29
htGeSdxfzCRcdlEwxGIwpIkqcDWNR
76 91 80 46 111 24 23 87 20 53 133 132 124 48 145 43 144 95 10 22 35 141 37 56 78 47 123 109 72 
21
ehFxsdTPUnssSMtWlQxnG
97 113 27 50 4 64 129 141 138 76 13 135 32 78 110 18 108 39 82 105 102 
13
OsRiSFFsHZcZq
65 32 68 63 83 53 54 88 98 94 100 133 31 
30
XPpNYEROROfbhDhVEwHuVzgeqJIHsI
29 23 45 28 51 120 56 130 78 3 58 73 13 40 32 77 140 84 62 59 65 20 9 83 11 110 47 50 75 38 
28
WBfqPbKOqQQVEQIUdjYIJpRcJFZK
148 42 86 43 60 99 103 2 76 71 107 36 100 24 97 95 147 29 110 18 123 55 19 87 98 102 30 54 
27
tdrLsLHXgnShZBSbOsDMOPscfha
112 68 92 135 79 146 82 139 106 69 37 116 102 36 19 4 30 89 118 76 47 28 96 132 138 101 136 
27
vzHhdrHcrjKLcaWooXJNezTezzp
149 1 39 62 138 72 53 77 76 22 33 145 63 87 35 20 3 68 91 15 46 79 41 52 67 110 98 
16
prNAFIqengJQqEDJ
33 120 89 14 40 111 146 79 17 122 92 50 45 31 138 67 
23
ldWEMccraHtLXYcIPACjeag
126 86 54 62 109 17 36 113 67 1 144 45 11 125 73 2 89 117 53 48 148 111 78 
15
ZjRCrkOEwMkIQda
116 42 102 50 90 32 113 35 82 142 57 101 117 147 12 
10
bTmphpJSmj
18 103 92 87 146 124 132 149 74 138 
12
jwZLNcwtpakp
117 147 31 115 12 71 18 116 8 39 96 108 
9
rPOxRXguw
2 31 10 141 47 1 3 6 96 
13
FsRAvIvOVVRKd
98 126 111 62 49 130 116 97 61 10 142 84 48 
30
cpaklxIVxTmAlNMdhBxJWsLFrqegXG
70 97 32 54 57 112 125 108 2 10 35 33 146 62 34 93 138 126 38 28 84 9 133 115 55 41 59 50 64 37 
12
AXtwuKZWriaH
24 15 123 69 78 101 105 98 96 68 129 30 
7
JwVKolv
148 99 85 14 86 117 140 
24
nzzJJhfuSpIrjfBJRPcNoryh
135 133 49 26 112 69 58 67 125 131 136 32 45 5 57 93 66 115 110 85 128 25 6 20 
11
PnQxvxXkDDl
68 60 28 64 25 34 122 146 137 143 46 
10
hFHigVdvdo
63 93 28 38 113 82 2 17 9 90 
13
TLhIpDaBugsmF
36 131 48 20 21 22 3 132 142 79 38 27 12 
30
CWZpfuGtgMDLEVKbaZvWkVMUobgEju
82 2 124 87 15 129 125 106 58 98 68 65 143 118 43 128 137 80 7 84 71 116 39 75 12 100 140 72 17 107 
19
hxGjQllmGsdxikfeFoY
13 21 44 27 58 84 143 60 95 141 18 96 62 48 14 51 133 137 82 
17
AqtgqVhJrnPcNifcd
7 131 15 107 16 73 56 114 79 124 125 148 25 82 87 103 34 
15
HiBxeGgifeTfGIK
33 94 7 98 74 37 5 107 54 60 14 31 134 46 111 
22
iqPJlYEYpyGbahLhCCOlIy
108 60 9 142 87 68 11 75 126 106 44 22 54 120 100 12 39 29 7 105 116 88 
23
rAlhyHIIWCNqMgYhmzmfzPb
87 36 103 68 144 2 48 125 121 12 86 20 6 23 95 97 112 29 56 40 122 67 14 
24
uJrxgrqrTEkWEmXDOERnHcaJ
50 113 107 37 133 6 89 81 106 121 144 8 96 70 87 105 104 124 64 57 34 135 112 30 
28
hQqKkfUepkxRtXzkQbCCBvsNSnFw
118 77 1 69 108 142 84 104 66 47 2 101 14 113 74 51 16 59 125 20 21 88 28 83 18 95 35 92 
13
SYFpeqsCLlXAs
10 138 3 104 5 105 78 38 82 14 130 48 49 
