30
26
WMmqXRQeALOTeeyvbszJSaPQcK
83 85 94 135 76 48 127 58 21 49 43 47 97 75 123 73 30 93 102 124 25 126 13 24 77 29 
12
OohqXiIqFZiu
139 61 137 119 122 32 13 131 22 18 143 10 
24
grKNKeNeGVERHNrrioHfViqs
39 124 25 81 137 19 17 72 29 89 91 86 2 98 75 149 51 69 147 141 56 18 112 146 
10
sNPOqUmRqS
39 2 27 143 122 96 127 128 33 86 
23
RprOlEleOHIDuCVswnUiyLi
141 56 103 117 131 62 76 22 6 50 100 23 70 84 119 61 128 10 38 138 28 99 74 
19
gRmEiJnjjCenRrIKHuq
137 53 123 119 133 97 54 109 138 149 72 52 144 31 34 27 56 90 110 
17
cauUQaVfvKzUbozjs
2 13 82 44 34 86 39 100 133 144 95 132 24 7 134 41 21 
16
mWjQBBdVqSEVqDAu
81 124 60 115 17 91 111 4 126 48 10 63 92 130 20 84 
23
hFUOxVCKdTrtxIqwwrvKdex
25 96 99 24 46 133 86 111 143 11 139 27 144 107 88 56 60 98 37 3 95 104 83 
22
OFBqydkZcswkXJFVNDYsUN
40 51 106 57 85 55 17 95 60 54 15 21 146 130 94 9 100 97 69 2 61 75 
25
iWrpvuOyzQAUFPJgfomkutvxD
58 122 106 10 6 119 19 17 76 107 131 142 16 138 59 43 102 51 22 123 98 113 14 114 74 
25
UdZMKhufHKtZjHdFHjofpdBqF
45 59 131 6 64 18 17 143 61 139 126 140 81 134 112 67 40 16 137 43 125 101 74 79 4 
6
GkBgeF
126 31 75 22 46 55 
7
goUrEmX
52 121 137 70 9 101 75 
13
vIxHfOqZkjGeX
144 122 87 28 20 110 45 103 19 134 98 147 1 
7
fHELgKg
10 60 41 14 126 81 57 
5
KRGwf
71 45 77 99 49 
20
HrEFbVLjaSxWEMtiJiYO
114 40 3 14 76 138 85 126 121 117 148 39 66 103 92 60 64 71 104 59 
26
XjOEqZMvlAwTwTxzMQoVLEfaVf
117 106 107 146 94 9 30 63 10 26 128 137 60 115 13 96 92 58 52 36 3 112 145 87 122 5 
6
exyHFM
49 4 46 60 148 149 
30
FzXtGLyVWuMmiHqrNoCdTnymgxxeWy
81 130 34 1 42 27 67 144 62 84 104 38 44 47 21 115 40 97 120 57 107 76 66 127 138 132 13 149 91 54 
24
eDpTUlJdQgLjhXMnawVCIbOE
129 75 130 59 100 107 45 26 27 115 103 34 149 95 126 82 7 55 116 79 32 3 118 76 
19
fVdqImZLaTLagNNKcLE
23 70 49 117 98 93 52 48 22 145 8 10 76 31 17 64 87 11 61 
29
yLSrAueYQuDrGiOLfqNTzSaJLNfSe
52 67 74 37 17 63 10 6 108 116 58 130 89 105 27 111 73 88 90 122 11 36 33 93 24 45 61 127 69 
11
vpePiiLmanq
10 82 12 110 15 144 5 138 118 89 128 
8
seCtXJTi
38 34 39 45 62 35 89 52 
17
XgezuRAszKFrNNPAS
42 59 91 74 8 64 71 114 139 25 135 16 43 27 102 148 137 
10
ymFmUgDapn
58 36 23 56 37 89 2 138 17 57 
27
jHEEwaRBZVvZQRoZXfVczMpToBk
103 59 9 96 93 52 55 107 16 97 17 65 43 41 11 45 126 7 46 44 38 121 6 36 76 19 143 
18
wighKCrJMYKJAeqjOM
62 57 54 122 42 108 128 84 83 47 119 55 28 7 43 75 32 116 
