30
23
zpuFIkrIBlmIEgcPvruYjjY
46 113 11 114 75 41 132 18 139 32 64 10 12 28 86 94 63 110 47 61 72 130 128 
5
Tyqpf
49 132 101 76 145 
30
gIOHXGCBenMHkswjNTvRVmZpWaPWJt
69 32 12 41 78 101 145 134 79 24 62 121 30 22 148 117 97 2 143 129 115 103 130 142 108 75 20 89 8 54 
20
MohqaDcTizBOkOjtcnBG
141 88 136 18 72 30 31 17 52 118 45 48 56 19 21 57 143 38 103 37 
8
bCCSiSMx
2 109 127 146 133 94 126 111 
13
ebNbJroMbcYFu
39 87 82 75 22 18 147 60 86 125 144 61 4 
16
oZtOvyTLVGWaQIgs
66 135 69 41 72 70 30 126 47 110 55 98 132 89 52 9 
13
lXdGDkOODpgUQ
4 86 96 8 25 62 132 16 95 72 89 64 92 
7
fwYYXSe
134 18 109 82 74 73 141 
18
ZvFxoLYGSwYMbXIHbs
97 98 31 59 71 38 109 37 53 129 90 140 54 142 17 138 76 40 
16
UQhLVKOlOeBnfiHH
103 148 75 6 78 18 26 76 82 120 121 48 32 74 49 123 
6
MurfLG
15 23 87 68 38 123 
6
FqiNIo
129 60 31 57 133 110 
10
JXNGqAkxxp
27 79 123 78 34 3 5 62 94 31 
17
yVcgkgAPrNrTWslAx
57 50 36 98 99 22 70 74 120 49 77 35 140 114 62 94 91 
21
ozwFsdsenDMtbNhvOkzsD
21 114 137 91 66 31 117 85 49 98 131 86 50 16 127 40 43 75 6 123 97 
12
GlKVNewTvEoj
94 58 80 93 149 83 71 10 109 78 106 86 
15
ohPkMFrbeaVwrqa
24 91 99 36 106 26 143 124 116 79 61 102 48 94 44 
9
tAUGEeyhm
16 99 56 70 130 118 77 134 95 
25
gFSmxxMjfhNTAhHZbDcheKVzD
104 52 55 84 58 26 107 37 123 103 39 127 74 50 110 63 56 113 62 19 126 128 23 148 40 
11
EbSCSAxivBR
105 137 42 33 120 123 48 55 81 21 45 
6
mtyMYa
118 109 122 146 45 87 
22
EWxOSyzzSbjjYeUkwpnqUw
137 135 111 125 84 67 106 63 81 134 54 77 55 89 102 138 43 146 98 70 14 46 
12
FmwGmAOlikdj
53 49 97 145 100 117 13 123 32 106 5 67 
27
NuJZfJjbhWASccKXaPhWcqHdJuJ
113 84 104 24 117 109 127 11 108 135 78 75 88 130 80 20 87 26 31 132 42 55 122 14 81 8 37 
17
fNpiwsKAhVnIukdHV
71 23 76 35 87 7 25 26 107 42 8 132 55 126 16 141 74 
26
GzBsDKRpHhSVTNVFOFAFZTZpzi
116 23 51 50 118 110 67 105 92 96 61 141 108 29 56 101 58 45 60 112 111 24 146 127 120 17 
13
KxdjfMGUvOUzQ
75 76 13 59 47 52 133 53 49 117 17 121 18 
30
kcVdzvBpiyeTWgTNEiSQYiPKxtdAjI
44 63 12 28 88 135 41 110 45 11 52 107 83 115 84 6 22 18 145 113 27 48 16 15 137 8 70 89 90 123 
19
oylNnxQPhkWPxfDvAkH
51 112 35 27 135 62 136 22 130 137 144 138 149 14 56 104 44 26 76 
