30
21
FoWKWAbvJGkvrltVmEfEg
119 17 87 134 94 6 74 117 122 55 20 26 84 22 130 120 133 125 75 102 8 
12
QEiKHgiHlDMy
77 101 6 135 119 132 109 70 127 108 120 144 
11
vRwUSjLesca
83 104 123 112 143 102 81 4 106 38 114 
8
LXvprryV
16 65 99 58 131 111 62 117 
18
hAFFGfyfmScqyIjEiZ
97 41 32 88 74 128 130 138 72 140 19 119 124 25 26 13 98 39 
7
qxhBpgA
4 123 41 34 45 84 98 
29
TRqxgUPzaQnxCjBmuHuDxoAwOcFPO
83 47 145 15 20 60 73 64 92 112 39 62 57 142 96 9 54 70 107 91 131 48 94 65 134 43 31 124 23 
12
MtflnmOAdGWb
62 76 136 16 80 37 133 7 144 51 148 87 
27
hGZgQZInaPfcsnoPEucFwSROqVE
136 105 39 128 143 92 97 103 35 42 64 14 41 120 52 96 36 129 137 110 127 62 106 104 40 149 55 
9
MqfLbzHCk
122 105 83 124 139 4 13 123 37 
9
TtCfDJcPp
141 86 66 99 17 65 63 35 117 
17
eWYdzLLXsbCZmUIdp
105 110 101 112 15 30 147 117 137 59 125 5 98 28 26 83 77 
10
XmhyFQGffF
18 40 102 144 50 120 86 137 100 146 
20
umtgYrEKpPZsKRFlQLRm
55 118 66 30 65 15 96 93 18 145 8 72 58 106 88 67 105 41 52 86 
22
IyBONTgLhjUknGGFrYHZDW
90 100 59 91 119 34 25 122 29 104 86 39 137 140 94 60 14 73 45 127 31 144 
5
GCKDw
51 50 86 144 140 
13
YmnHeZplfSoIL
118 68 87 91 11 117 97 40 106 129 73 66 142 
19
OloPErvHiMsKqfCiZeT
140 123 9 21 124 108 146 142 114 17 143 130 60 117 127 13 92 55 149 
25
YnIUgzoFLeoIrKyknyREodcFQ
8 65 87 66 48 146 31 125 51 28 86 23 54 130 13 93 140 98 142 129 116 135 71 74 149 
6
uqDgrv
99 68 7 54 130 75 
8
rUNBZmNA
41 108 83 131 47 115 6 117 
17
rIlRCaRqiVettNODC
34 141 102 146 1 49 96 136 124 99 103 29 88 68 20 4 8 
20
EwoYxdjrpglrMveLCtwI
88 11 96 67 104 118 86 116 138 72 58 65 94 87 32 3 113 53 13 24 
7
ksVICCZ
102 118 97 52 14 109 25 
29
ZsEEyaajDoYEUmgprzfNzIvYClldJ
130 13 56 107 61 132 65 18 76 39 101 14 72 36 127 32 8 95 140 105 43 88 23 78 84 62 37 83 87 
10
jUCYRBSUso
73 143 63 106 102 82 129 145 52 86 
9
fnQPnytit
105 103 95 44 58 97 71 10 124 
16
GNuijXDZqTiNxupI
68 78 118 136 112 98 92 13 19 23 65 10 134 18 48 50 
21
VIqeCJnMmlWCGhJqfIsjd
94 76 65 82 96 113 108 27 77 21 9 128 8 43 49 3 141 41 106 83 104 
7
krZAqlN
120 33 93 4 74 100 72 
