30
20
DnKzQCeqgSpmjrQWVCez
141 144 69 119 138 42 61 120 15 77 143 60 19 133 82 54 126 46 11 125 
25
PRNWizKHpRzoduFvfauOirKZF
80 60 143 37 81 52 54 26 125 68 131 129 114 77 123 18 65 127 47 145 117 134 109 15 144 
30
AduCNejofjhaUDwTTBHtqOfTZEGHnU
58 63 89 88 40 140 106 146 110 114 13 136 25 45 109 86 61 65 104 73 125 113 72 50 4 7 117 1 39 20 
28
wUEWRuyzGEfzSgmYBoLtiFidkHmc
38 28 74 50 128 68 103 10 30 46 23 75 51 126 22 67 105 35 101 133 45 47 111 102 78 49 61 9 
13
lZtNzSURYntaI
132 117 122 47 39 147 119 14 5 56 68 71 115 
17
TPBuwQfcYLzDceXaU
52 128 86 136 111 102 7 58 140 117 146 147 90 112 65 19 38 
8
uPNnrmfc
36 113 23 131 9 8 142 136 
22
yuDMEFHvqiGrTSlvraEKPa
17 61 11 34 124 120 64 44 111 135 39 140 119 148 110 40 104 37 71 63 145 147 
8
RothPozN
3 53 12 94 126 36 99 61 
27
wPMzjvXisDcXabSLfgljnzxhpHJ
141 134 132 144 137 16 106 46 107 146 131 88 13 90 37 130 39 84 126 43 58 122 25 116 136 63 127 
27
NdUUaSSJIUlpzZvyiHzyUtsrhvu
117 63 90 4 101 122 135 73 35 22 145 86 64 70 116 137 26 14 60 91 147 109 138 33 6 119 53 
25
NFMqrDWUjaQPnwlseDfXBFYWd
100 130 147 72 113 22 141 120 128 24 6 107 29 35 18 33 78 45 138 69 77 104 39 110 4 
11
SajwUqpJCGF
85 21 17 139 62 123 146 127 106 29 24 
21
IBxveQwzfjkvLYVLANrQQ
89 50 144 122 65 135 84 117 119 48 92 111 81 19 25 130 129 7 53 125 69 
19
XDQIalxPARkimYZKlol
130 83 76 20 13 22 49 64 145 29 142 144 66 139 45 148 41 33 46 
21
SPUlUzJaFfAwYvBwpwhgG
106 68 108 103 62 46 128 17 75 80 119 2 3 22 110 138 92 90 28 83 97 
17
npDZTzfomvRLixIQt
6 81 21 133 137 83 60 119 15 29 144 22 53 121 112 49 134 
29
owbRukteQaDHxLKGFrGMGmPwYVwGB
109 22 47 123 58 83 43 79 116 19 142 14 95 32 6 86 106 15 48 70 62 76 118 12 44 137 16 77 38 
7
EobVykg
13 114 71 76 128 35 115 
23
qKhgQhSDGDazHaSmSpmdvcU
132 144 4 9 87 42 99 32 5 68 142 53 17 21 122 44 129 90 102 65 84 121 13 
13
kDmhJomTrqpDi
78 8 6 135 111 74 65 47 68 34 16 71 82 
29
NIAQcFWIsqoZucBJnCaBXJzWefxOJ
122 101 148 92 114 130 65 89 43 146 38 61 120 142 126 59 53 121 36 94 137 71 135 24 25 19 97 42 6 
13
rOWTVPMsgSgvw
50 69 31 15 132 8 59 143 12 131 26 145 106 
17
VFoIGlsJRAzmwlrhF
142 98 147 64 41 83 88 141 99 148 90 43 9 76 45 28 31 
5
gbadQ
10 3 24 9 16 
12
uhyUyLVnhSbA
85 137 84 9 75 89 69 71 121 79 28 90 
18
XKqQvGFbCiymmHpQgg
55 143 114 126 117 140 96 19 40 51 138 22 29 136 57 50 9 35 
12
tdYHeMKcPulm
89 101 24 140 49 136 28 21 110 81 79 124 
21
jXOLZYHkvTqkuFJgfEDGY
50 143 45 102 22 139 100 38 33 135 112 49 134 17 8 3 71 130 83 47 52 
16
OgMcbefRVDFatfpp
10 11 93 104 122 55 106 133 113 142 61 52 132 95 24 58 
