30
6
1 11 13 
8 29 27 
25 10 28 
18 12 14 
25 28 14 
3 15 23 
4
5 11 21 
15 13 8 
11 25 24 
27 5 7 
3
24 9 15 
14 7 27 
8 19 11 
5
27 11 29 
23 28 19 
7 9 13 
3 25 10 
6 24 9 
5
2 7 4 
23 4 17 
25 28 29 
25 5 1 
21 22 3 
5
26 11 13 
15 21 27 
3 26 5 
20 28 3 
26 3 2 
5
19 4 16 
13 15 16 
25 1 22 
24 15 22 
14 26 18 
5
12 28 14 
12 2 6 
26 8 16 
4 5 19 
7 18 9 
6
25 24 19 
6 2 23 
9 25 7 
11 22 6 
3 16 27 
12 26 4 
6
12 13 4 
14 2 29 
10 6 23 
19 26 4 
13 11 21 
2 12 8 
3
3 21 16 
19 4 5 
11 6 10 
5
13 19 29 
18 17 13 
1 19 16 
28 23 22 
16 1 5 
9
15 10 24 
16 23 22 
4 3 5 
5 15 24 
17 25 8 
23 10 16 
2 22 4 
12 21 11 
14 28 13 
6
28 20 14 
28 2 1 
19 29 27 
25 19 16 
11 19 27 
8 28 3 
4
3 23 6 
22 11 4 
10 26 2 
2 28 9 
10
8 25 21 
14 22 19 
26 1 29 
21 5 14 
5 25 12 
3 21 10 
17 23 13 
20 17 7 
15 1 27 
3 21 27 
4
14 6 7 
17 15 26 
2 26 11 
1 11 2 
5
28 4 10 
29 9 18 
29 12 8 
10 21 8 
14 17 22 
10
18 26 14 
11 14 9 
3 1 4 
11 18 6 
27 2 19 
7 8 11 
22 10 28 
4 29 2 
7 27 28 
7 2 6 
6
22 25 26 
25 27 26 
15 28 3 
1 2 29 
5 1 26 
8 5 23 
7
25 3 27 
16 10 1 
25 19 9 
13 7 10 
3 28 10 
6 4 10 
26 22 2 
3
19 20 3 
14 3 18 
24 4 21 
3
26 17 23 
12 21 11 
9 15 17 
6
8 5 10 
25 20 9 
17 22 15 
16 4 13 
11 13 21 
12 21 23 
4
18 15 2 
14 9 4 
3 27 13 
16 8 26 
3
16 24 23 
12 18 24 
18 24 26 
8
2 13 6 
16 9 13 
28 24 23 
10 26 16 
13 20 14 
1 25 29 
28 14 8 
12 16 2 
6
10 15 1 
25 10 21 
22 3 14 
11 5 24 
24 6 4 
2 19 22 
10
27 21 14 
18 1 11 
28 24 5 
11 20 3 
29 3 12 
26 24 17 
22 13 29 
22 26 18 
1 9 7 
19 16 26 
9
26 4 17 
22 28 14 
18 17 11 
3 28 9 
13 3 24 
26 27 19 
17 13 25 
19 16 9 
20 23 29 
