30
3
2 8 15 
28 26 14 
18 23 10 
9
29 7 11 
7 4 10 
8 12 7 
27 9 24 
20 24 19 
14 26 12 
19 20 23 
6 7 24 
27 18 19 
9
13 26 4 
19 28 22 
26 27 28 
7 11 28 
8 5 22 
3 18 26 
20 8 11 
19 21 17 
21 25 12 
3
11 26 29 
21 22 8 
28 3 22 
6
28 2 9 
3 28 7 
26 19 9 
5 15 28 
11 18 16 
7 9 15 
3
17 6 11 
19 17 14 
1 9 6 
3
29 20 10 
8 28 1 
1 20 26 
4
23 26 22 
19 23 18 
26 19 14 
22 10 1 
8
23 8 17 
21 16 17 
29 26 17 
8 12 28 
23 21 13 
29 23 26 
13 12 24 
27 26 13 
5
15 14 6 
24 11 22 
21 26 24 
4 1 27 
7 1 26 
3
22 9 27 
5 21 12 
28 17 5 
5
13 9 28 
4 11 26 
24 27 10 
9 13 1 
21 11 15 
4
18 1 9 
26 5 4 
26 7 10 
20 9 21 
7
11 23 13 
11 20 19 
16 14 1 
3 23 14 
7 21 13 
17 16 10 
20 11 24 
5
23 24 10 
24 27 26 
3 11 27 
7 12 24 
15 4 1 
5
29 27 2 
17 22 11 
11 19 28 
21 15 11 
19 21 18 
8
22 15 18 
13 1 17 
26 2 16 
15 6 9 
6 16 29 
25 24 28 
22 18 26 
13 8 7 
8
19 17 26 
25 12 8 
21 11 8 
13 28 5 
14 2 13 
16 9 19 
24 16 7 
21 23 5 
7
1 11 21 
21 15 22 
27 3 25 
18 10 23 
10 22 16 
11 12 19 
10 13 29 
7
7 3 20 
2 3 4 
23 11 14 
26 22 6 
23 1 25 
22 29 11 
10 6 16 
10
12 2 6 
15 9 23 
8 26 10 
12 13 6 
29 16 11 
8 16 7 
18 29 28 
27 3 29 
29 12 10 
14 7 25 
9
9 16 22 
19 6 25 
24 23 5 
6 1 12 
10 15 23 
23 11 18 
15 2 21 
1 22 4 
18 5 4 
7
7 21 19 
2 29 19 
8 17 29 
16 15 2 
22 4 17 
17 26 14 
22 13 8 
10
23 11 28 
4 13 24 
27 5 7 
27 19 9 
9 14 25 
26 11 20 
11 21 14 
13 7 12 
5 7 16 
1 26 7 
9
14 16 22 
19 9 17 
15 11 2 
1 7 5 
4 1 18 
15 13 27 
13 27 20 
21 27 5 
29 4 5 
4
14 11 23 
20 18 24 
2 25 1 
1 19 15 
9
17 23 13 
7 22 15 
14 10 24 
8 25 24 
29 2 15 
6 29 9 
12 26 2 
21 2 22 
15 27 2 
4
5 22 2 
12 27 22 
10 15 26 
11 23 6 
6
19 29 25 
7 28 27 
7 11 24 
25 24 12 
21 1 14 
14 20 26 
4
20 27 14 
29 4 11 
28 11 9 
24 25 11 
