30
10
23 6 27 
17 21 24 
20 17 29 
24 1 4 
25 2 9 
5 19 14 
15 26 5 
10 28 8 
11 14 4 
29 22 21 
8
7 9 4 
26 22 5 
29 22 12 
27 28 6 
2 15 3 
2 5 18 
3 29 28 
24 20 1 
7
28 20 13 
11 9 6 
10 22 13 
8 4 6 
10 7 26 
21 22 2 
19 25 13 
6
5 10 29 
29 13 12 
20 6 7 
17 2 12 
19 10 6 
5 6 14 
8
29 9 2 
12 28 26 
24 12 1 
26 14 9 
8 9 7 
25 13 1 
20 11 26 
3 25 22 
5
12 4 19 
1 8 25 
29 11 5 
28 21 12 
26 24 11 
8
20 29 17 
26 1 8 
10 7 19 
28 3 29 
19 8 10 
25 16 12 
3 12 20 
25 29 8 
8
8 25 16 
28 4 19 
10 14 2 
1 28 23 
3 5 15 
2 23 15 
7 10 22 
1 18 15 
4
25 2 11 
25 16 28 
3 6 20 
29 18 8 
8
21 20 9 
16 9 10 
7 25 15 
27 29 14 
1 24 20 
6 28 21 
21 20 13 
10 17 11 
7
25 24 21 
25 21 26 
27 10 20 
19 4 8 
25 18 3 
13 19 26 
2 15 16 
4
23 1 19 
25 19 23 
5 28 25 
11 17 20 
4
5 24 8 
5 3 20 
25 9 6 
7 23 13 
6
13 25 18 
25 18 23 
17 27 8 
5 25 19 
15 11 17 
21 18 4 
4
6 28 27 
9 17 19 
19 2 5 
20 28 5 
5
4 14 1 
20 16 21 
23 16 3 
1 4 22 
2 5 3 
3
22 20 10 
10 23 13 
9 23 8 
7
23 7 2 
22 16 23 
27 17 15 
19 28 22 
10 1 29 
20 27 9 
23 11 10 
9
26 8 5 
11 19 17 
12 16 19 
1 11 14 
29 14 15 
3 26 7 
7 11 29 
22 7 1 
3 19 5 
3
12 19 5 
21 6 14 
18 14 13 
10
23 24 29 
22 24 25 
22 12 18 
4 11 3 
4 12 28 
22 26 17 
1 12 9 
1 19 15 
28 27 16 
19 27 8 
10
24 8 25 
23 21 10 
20 3 17 
28 21 6 
5 2 29 
22 13 6 
29 7 21 
16 15 27 
12 2 1 
15 6 9 
9
29 22 7 
27 20 29 
9 12 22 
12 14 20 
13 14 10 
27 7 14 
5 10 22 
7 11 25 
10 3 19 
9
17 16 14 
8 27 9 
19 8 20 
17 6 20 
4 26 12 
23 8 3 
3 25 27 
4 28 29 
21 6 24 
7
21 26 5 
11 8 12 
4 15 11 
23 14 13 
27 6 21 
27 9 10 
6 26 13 
6
25 1 7 
12 8 3 
10 14 5 
4 3 7 
1 17 22 
4 3 17 
8
2 22 27 
18 11 26 
21 16 4 
6 3 24 
18 9 28 
19 6 16 
13 9 16 
3 19 13 
5
22 12 21 
10 5 21 
7 13 23 
15 11 7 
23 3 19 
4
9 19 15 
16 23 28 
28 14 6 
21 18 19 
6
20 23 25 
28 17 29 
24 5 28 
11 29 4 
5 8 26 
10 27 2 
