30
5
25 6 2 
9 15 10 
15 13 21 
27 10 24 
28 14 5 
9
24 9 12 
29 16 23 
12 3 15 
19 2 13 
18 23 19 
26 29 20 
3 8 27 
1 23 22 
17 26 29 
7
23 3 15 
24 15 14 
14 12 9 
18 11 5 
20 12 27 
1 8 4 
7 29 26 
3
15 23 13 
20 13 21 
11 17 12 
5
25 7 9 
29 18 27 
17 20 27 
9 18 5 
3 2 10 
10
14 12 17 
9 2 28 
10 28 18 
11 2 19 
11 7 10 
22 7 25 
6 12 18 
18 28 21 
9 29 26 
16 9 25 
3
18 7 13 
25 17 28 
14 3 26 
8
24 27 4 
20 3 9 
14 17 12 
10 4 19 
19 27 12 
3 4 7 
6 25 28 
20 28 27 
10
6 3 5 
14 9 22 
1 16 23 
29 6 23 
20 24 13 
7 18 25 
1 17 22 
10 22 23 
14 15 22 
6 21 2 
8
7 25 29 
9 19 22 
20 12 18 
6 12 10 
14 13 11 
7 23 27 
15 20 7 
28 11 27 
9
7 28 2 
24 18 5 
28 11 13 
10 19 3 
20 7 1 
29 8 13 
24 9 16 
9 27 16 
13 15 24 
3
29 26 23 
3 19 17 
3 12 5 
5
6 10 27 
24 16 3 
13 29 18 
16 3 20 
4 1 7 
5
16 25 8 
10 25 12 
2 8 14 
4 22 28 
29 16 9 
9
25 23 26 
9 19 23 
24 10 19 
26 29 1 
14 29 25 
13 4 10 
21 11 12 
27 15 1 
14 9 7 
5
9 3 5 
16 12 29 
23 25 14 
7 4 27 
14 12 15 
8
7 21 10 
12 25 14 
25 28 7 
11 20 18 
22 13 1 
23 18 2 
19 18 26 
15 3 7 
7
18 4 3 
2 12 26 
16 26 11 
4 2 12 
18 24 3 
6 14 1 
14 27 10 
3
23 26 2 
23 6 22 
18 24 15 
7
9 7 18 
4 12 5 
25 21 17 
10 16 17 
14 9 24 
21 14 5 
27 15 17 
10
2 9 6 
7 27 8 
3 15 8 
26 1 4 
23 1 20 
22 13 8 
28 9 7 
28 13 27 
26 15 29 
6 11 16 
10
24 23 3 
13 9 5 
1 16 4 
22 13 11 
29 5 3 
22 16 2 
2 22 7 
21 4 10 
6 17 29 
29 10 9 
4
16 18 17 
1 15 20 
16 23 6 
19 26 7 
10
14 4 29 
8 14 16 
18 19 28 
20 13 6 
24 13 5 
4 25 16 
13 21 7 
28 19 15 
1 3 5 
11 13 28 
7
21 15 6 
28 20 15 
15 28 29 
19 21 28 
21 24 17 
8 24 7 
29 6 27 
8
28 8 7 
13 1 11 
25 15 24 
22 3 9 
28 5 3 
27 3 26 
18 14 10 
18 24 26 
9
1 5 9 
16 3 8 
19 7 12 
26 24 22 
2 24 8 
28 20 1 
24 20 4 
6 16 5 
23 28 18 
9
21 8 16 
13 8 4 
6 27 7 
9 10 29 
21 14 15 
29 2 17 
29 3 21 
1 11 13 
15 8 6 
10
11 27 8 
16 19 21 
17 29 20 
14 12 4 
13 27 22 
13 14 18 
8 19 3 
23 19 29 
13 12 29 
22 6 27 
7
22 27 4 
23 25 28 
12 8 29 
27 15 2 
9 2 12 
9 11 26 
17 27 26 
