30
3
8 21 26 
15 21 28 
25 18 17 
10
6 23 25 
20 17 14 
25 8 29 
3 18 23 
1 24 20 
27 13 24 
23 10 9 
10 29 21 
21 5 24 
20 26 21 
7
20 12 7 
2 10 27 
23 10 25 
10 14 7 
7 21 1 
13 2 6 
26 28 10 
3
10 17 27 
20 14 23 
18 10 6 
5
5 28 3 
2 26 24 
21 4 13 
18 6 10 
7 15 8 
7
2 4 18 
23 10 3 
7 19 26 
18 8 22 
22 4 7 
12 27 18 
16 2 22 
10
29 15 27 
18 25 11 
6 9 1 
29 9 20 
9 27 1 
14 8 19 
21 29 18 
16 14 10 
1 26 7 
14 24 3 
6
22 13 17 
5 9 12 
11 18 13 
22 17 18 
26 27 28 
25 6 22 
3
9 27 3 
23 15 10 
13 20 11 
9
29 19 9 
20 23 18 
22 20 21 
22 26 7 
14 2 12 
26 22 12 
26 5 29 
27 18 8 
2 9 5 
8
9 14 11 
21 18 8 
11 29 13 
1 7 13 
2 23 7 
4 12 9 
1 19 11 
23 6 27 
4
4 22 11 
23 29 19 
25 1 23 
15 3 26 
4
27 3 1 
21 20 10 
25 11 9 
1 10 12 
5
26 11 5 
5 7 27 
10 23 25 
14 4 5 
4 6 13 
6
3 4 28 
20 9 19 
15 27 8 
6 21 4 
26 27 22 
28 19 25 
9
24 27 14 
10 21 18 
14 19 24 
25 3 22 
22 11 25 
11 23 9 
25 9 13 
15 10 22 
5 9 16 
6
12 13 14 
22 25 1 
26 12 14 
26 24 17 
11 16 23 
13 8 25 
7
21 3 4 
3 2 15 
14 1 15 
13 14 18 
26 10 19 
28 18 29 
23 4 2 
4
7 19 25 
19 22 29 
7 27 8 
12 5 21 
4
22 8 13 
3 24 26 
9 21 20 
14 23 11 
8
9 24 21 
5 12 29 
15 17 29 
6 26 22 
15 6 3 
10 22 2 
14 26 15 
10 1 21 
5
5 20 3 
11 1 16 
9 24 23 
25 21 29 
18 24 29 
6
14 29 1 
15 1 13 
5 15 8 
5 2 20 
9 11 1 
19 9 2 
3
10 1 29 
25 2 8 
25 13 2 
9
24 25 4 
9 4 19 
17 25 3 
21 10 23 
19 10 29 
5 12 4 
29 18 8 
6 29 8 
24 22 14 
3
4 19 2 
6 16 15 
7 12 26 
9
14 19 25 
4 17 21 
19 1 9 
27 22 4 
2 3 13 
19 17 21 
11 4 25 
5 10 28 
17 1 12 
9
14 6 4 
27 19 26 
13 9 25 
13 22 7 
14 18 21 
9 16 4 
13 20 2 
25 29 18 
9 10 27 
9
28 27 9 
2 19 8 
12 3 26 
29 26 18 
9 8 13 
7 1 25 
8 9 11 
27 20 24 
10 29 6 
8
14 5 28 
14 17 7 
26 11 16 
7 11 21 
12 2 5 
10 28 14 
15 16 7 
9 27 23 
