30
9
1 2 4 6 9 11 16 17 25 
42
10
2 8 11 13 18 20 22 23 25 28 
87
4
6 8 11 28 
85
9
4 6 7 8 9 11 15 18 25 
62
8
6 7 8 18 19 24 26 27 
27
8
8 10 11 13 14 26 27 28 
71
7
2 6 12 13 17 24 27 
69
10
1 7 13 14 15 19 23 25 27 28 
21
4
3 9 14 16 
83
7
1 4 6 16 17 20 24 
93
5
9 16 17 21 28 
94
8
1 9 16 19 20 22 28 29 
19
5
3 5 12 20 21 
98
8
3 10 14 23 24 26 27 28 
82
8
2 4 9 19 20 23 25 27 
16
10
1 2 5 6 8 15 18 22 23 29 
70
6
1 5 7 10 26 28 
44
7
4 5 7 8 10 26 29 
54
7
12 15 16 21 23 24 29 
32
6
2 3 6 7 11 13 
71
6
4 5 8 14 16 20 
66
3
6 8 19 
54
4
6 7 15 17 
97
6
1 6 9 18 20 29 
77
7
4 8 10 11 13 16 23 
73
9
5 7 14 15 17 19 21 25 27 
94
5
1 7 17 26 27 
90
5
1 7 11 16 26 
84
7
1 4 11 13 18 19 20 
66
8
4 6 11 16 23 27 28 29 
78
