30
7
8 12 13 17 18 22 28 
40
5
6 8 10 21 26 
49
3
17 20 27 
36
5
3 12 17 21 24 
53
10
3 4 6 7 12 18 21 22 25 29 
20
7
11 15 16 17 18 22 26 
93
3
3 11 19 
82
5
1 4 14 16 19 
96
7
1 3 4 7 8 12 17 
23
3
6 12 27 
41
7
7 9 13 20 22 24 26 
71
4
6 16 25 26 
31
10
6 8 9 12 16 18 20 21 23 25 
79
9
1 2 10 12 16 18 20 23 24 
77
9
1 2 3 4 5 17 18 22 24 
34
6
1 2 7 10 19 24 
84
7
5 9 13 18 26 28 29 
42
6
1 3 5 15 24 28 
30
9
5 7 9 11 13 16 20 23 28 
68
5
6 8 14 15 26 
73
3
14 19 29 
28
9
4 7 8 9 11 16 17 20 26 
95
7
2 3 11 20 22 23 29 
42
3
7 13 28 
88
9
1 4 6 9 12 15 16 20 28 
82
10
8 9 16 17 21 22 23 24 25 28 
65
5
1 8 16 22 25 
45
9
1 8 9 11 13 15 16 18 24 
55
8
1 9 13 17 19 24 26 29 
82
10
4 5 9 13 18 20 22 23 25 26 
31
