30
4
5 10 20 24 
51
4
7 9 24 25 
65
4
13 15 18 21 
21
3
8 26 27 
17
7
5 6 9 20 22 23 28 
16
4
5 8 19 29 
87
9
9 10 13 21 22 24 25 28 29 
35
6
3 12 16 18 20 28 
82
3
13 15 28 
86
8
2 10 18 19 22 24 27 28 
86
5
1 10 11 13 16 
38
5
3 5 8 16 17 
34
10
4 5 9 10 13 18 19 22 25 26 
82
5
1 5 16 17 22 
73
10
5 6 7 11 12 14 22 24 25 29 
70
5
7 17 20 23 28 
59
10
5 8 10 11 16 18 21 22 25 27 
44
8
2 3 5 15 17 18 24 26 
17
5
22 24 27 28 29 
81
10
7 8 10 12 15 16 19 20 22 23 
62
9
2 5 9 11 12 14 22 25 29 
40
10
6 9 11 12 22 23 24 25 28 29 
69
9
1 2 3 6 7 18 22 24 27 
33
10
10 16 17 18 19 20 21 22 27 28 
81
10
3 7 8 11 13 19 23 27 28 29 
67
8
2 11 12 14 16 22 23 26 
61
9
1 3 4 9 11 24 26 28 29 
73
5
2 3 6 20 23 
47
7
5 6 7 12 15 16 18 
38
8
1 2 4 7 8 10 12 26 
62
