30
6
4 11 18 19 27 28 
54
9
5 6 8 13 15 19 23 25 27 
50
6
5 16 24 25 26 28 
51
9
1 4 9 10 11 13 16 23 28 
38
6
2 5 6 24 27 29 
36
3
22 23 27 
32
6
1 11 17 19 21 22 
77
8
1 7 10 13 15 19 22 27 
99
10
1 2 11 13 17 19 21 23 25 26 
55
7
1 2 3 8 15 26 27 
93
8
1 3 6 13 21 23 24 28 
88
5
4 8 14 15 26 
72
10
3 4 5 8 9 10 12 13 14 29 
41
5
4 13 18 19 29 
33
5
7 8 14 25 26 
75
6
2 3 8 20 21 25 
57
7
2 4 5 14 25 26 29 
34
3
4 15 20 
82
7
5 6 12 15 24 26 27 
90
3
20 24 28 
63
6
7 8 11 23 24 29 
77
7
2 4 7 16 23 26 29 
18
8
4 7 15 18 20 22 23 26 
95
8
4 6 7 8 15 17 19 27 
15
8
1 3 4 6 12 18 24 28 
53
9
2 3 12 14 17 19 23 25 29 
27
3
6 16 22 
34
5
8 11 12 14 24 
92
4
2 9 11 21 
70
8
2 7 14 17 19 22 24 29 
23
