30
7
1 2 3 8 11 18 28 
15
8
2 4 7 11 12 13 20 23 
84
5
9 14 19 22 27 
45
6
4 8 11 22 23 29 
49
8
2 18 19 22 25 26 28 29 
37
6
5 9 10 20 21 22 
68
8
10 12 19 21 22 26 27 28 
52
4
5 8 20 26 
94
7
12 13 17 20 22 24 28 
93
10
2 3 4 8 15 18 20 22 24 29 
30
8
2 3 10 11 12 13 19 24 
79
3
9 14 21 
60
10
1 6 8 9 14 21 25 26 27 29 
80
5
15 16 23 25 29 
17
7
6 13 18 19 24 25 26 
29
10
5 7 9 10 16 17 20 26 28 29 
66
7
1 13 21 23 27 28 29 
31
3
17 21 23 
65
7
2 5 11 19 21 24 25 
20
8
4 8 12 17 20 21 23 27 
87
9
5 6 11 14 16 18 22 23 28 
42
5
4 13 15 21 24 
61
4
13 16 20 28 
78
9
3 7 8 9 12 15 16 24 25 
70
7
5 6 7 16 17 24 28 
39
7
2 3 10 13 15 17 28 
47
7
12 14 16 17 19 25 27 
89
6
3 4 8 21 24 25 
47
4
9 14 19 22 
20
10
2 6 7 11 14 16 18 19 20 28 
94
