30
6
842 492 103 696 982 98 
398
5
913 70 798 481 185 
921
4
514 709 56 921 
641
6
763 310 45 785 40 584 
170
6
931 519 525 662 480 144 
76
5
807 711 821 569 330 
242
1
460 
563
10
519 740 466 427 345 659 342 95 822 952 
995
5
782 600 373 363 594 
903
6
796 171 266 631 841 508 
62
7
876 637 742 854 734 323 300 
213
10
710 513 583 304 598 927 265 441 899 847 
402
3
267 696 480 
303
10
56 203 749 192 448 79 851 460 827 379 
806
4
632 448 563 516 
442
1
321 
498
9
908 663 323 403 507 142 827 34 530 
34
5
959 931 792 356 295 
541
4
374 169 120 10 
949
10
43 143 240 138 223 556 484 718 884 84 
989
6
706 750 804 295 120 979 
166
10
716 463 376 568 536 246 162 642 357 859 
144
9
978 104 284 102 476 82 912 141 419 
877
5
447 966 675 387 699 
219
1
646 
401
3
934 688 29 
327
7
104 26 18 912 350 148 336 
532
10
251 708 442 380 54 347 618 640 163 220 
945
3
724 992 73 
215
3
871 827 654 
360
