30
53
787 730 679 813 644 509 228 684 242 225 991 283 269 562 972 117 831 552 436 288 41 886 550 860 241 779 312 947 446 324 227 478 956 469 412 866 630 21 884 362 379 610 794 766 40 967 915 678 419 571 902 717 270 
386
48
172 772 501 269 418 247 368 574 422 804 487 266 326 137 860 901 506 316 160 80 305 58 91 746 903 194 445 637 890 191 524 226 828 942 886 826 568 667 597 116 550 872 757 77 967 138 723 258 
652
32
380 905 242 796 570 428 484 175 929 517 252 502 733 545 434 35 737 431 923 85 52 250 112 792 915 206 413 83 562 975 230 757 
414
63
946 34 38 852 349 221 517 897 99 454 477 690 30 408 455 194 541 908 926 181 512 537 463 3 114 797 666 261 816 21 678 491 282 965 130 64 947 483 647 723 54 214 182 439 814 553 116 578 223 371 634 682 551 645 580 866 760 93 542 285 544 929 350 
856
51
274 889 702 907 772 613 937 659 779 944 698 7 602 721 214 67 188 397 159 607 963 203 431 758 226 932 84 442 665 359 989 317 363 111 444 968 364 382 51 309 196 251 287 257 871 64 580 298 885 618 346 
99
74
108 540 597 706 455 662 139 284 121 154 573 909 707 85 94 336 98 711 482 141 138 424 875 126 128 538 685 228 674 693 857 720 371 988 378 900 852 798 827 867 307 533 470 730 478 444 709 201 677 892 902 620 290 344 544 113 239 66 513 783 575 281 891 147 83 525 713 980 359 53 729 48 70 412 
509
76
469 948 368 34 112 427 642 566 759 69 796 231 218 335 685 15 510 808 392 66 675 133 786 272 320 388 881 578 738 456 838 655 943 617 763 889 151 902 444 824 834 885 654 521 667 622 111 431 696 127 516 476 709 362 621 81 878 598 731 23 897 705 506 785 31 449 197 258 713 879 11 481 296 381 873 745 
170
33
80 891 913 838 429 480 991 258 153 224 684 479 297 441 365 566 668 7 154 600 682 364 395 806 409 557 132 18 998 98 33 322 573 
825
34
846 521 492 332 993 822 107 593 765 749 65 612 958 708 718 427 621 351 44 495 316 436 835 244 588 306 438 404 631 992 862 947 598 565 
268
96
275 61 851 476 131 940 189 49 924 246 486 787 616 880 335 496 618 372 149 557 277 739 330 205 254 60 383 406 750 969 93 358 665 323 268 244 879 96 789 700 389 433 733 69 223 768 610 316 196 655 949 764 896 635 426 215 326 279 911 810 163 38 339 427 689 121 19 973 4 5 347 599 849 295 308 195 636 341 445 106 882 83 297 71 920 855 382 2 819 213 202 27 129 702 893 424 
265
18
55 999 65 717 614 888 779 654 128 376 615 186 80 178 244 408 852 533 
516
9
720 57 154 399 315 143 372 942 451 
268
82
57 435 861 920 256 103 497 748 963 310 2 433 580 441 7 3 388 880 300 896 199 621 470 201 895 191 877 953 804 634 215 276 589 954 439 128 267 892 835 868 255 101 672 649 131 553 62 906 303 520 359 967 574 168 450 755 105 763 955 607 391 952 257 122 720 384 656 454 291 658 747 995 392 768 14 142 512 504 426 278 751 109 
680
50
747 281 133 750 828 881 257 910 960 694 944 189 521 509 120 525 73 766 595 425 405 892 446 846 264 28 196 50 928 728 654 866 162 608 328 976 508 72 260 964 614 547 199 46 601 464 136 122 187 85 
853
13
830 148 611 688 420 587 590 968 33 261 384 65 735 
722
44
118 569 941 669 616 946 679 956 931 587 566 24 842 363 238 415 22 910 794 364 723 791 994 887 304 326 765 40 337 740 410 290 700 834 898 846 862 806 559 280 202 309 739 128 
801
69
74 307 362 382 987 979 422 154 964 821 68 671 100 286 490 228 665 971 473 747 594 412 484 164 208 990 194 510 369 104 417 59 454 619 498 479 187 528 583 375 280 763 956 799 590 526 736 90 319 129 812 358 878 370 817 492 343 924 351 157 981 432 706 301 717 410 819 120 941 
447
77
533 722 274 779 371 914 754 994 840 623 189 111 763 984 438 365 606 596 986 433 411 408 677 473 562 336 475 818 535 73 855 64 560 188 442 34 544 443 491 987 916 305 972 913 375 396 75 620 337 932 257 611 258 688 163 96 586 783 558 631 434 776 859 990 579 132 176 28 282 423 872 739 809 574 946 725 831 
915
40
228 537 566 151 203 773 337 615 210 657 669 301 52 427 142 3 117 734 858 460 2 846 951 487 571 500 4 139 499 396 874 578 100 718 368 610 924 126 546 646 
745
3
607 317 82 
554
31
441 50 210 863 80 919 896 389 384 649 574 638 315 772 605 492 571 400 316 588 763 635 800 119 318 439 758 702 643 601 355 
386
86
590 375 566 947 174 353 3 950 236 709 769 400 222 95 569 751 926 201 83 755 885 677 124 302 822 340 257 994 511 479 406 866 952 649 776 382 837 812 537 15 702 648 639 101 73 391 761 830 128 703 293 282 711 151 102 195 945 60 333 348 965 369 265 338 605 797 481 239 861 801 665 187 894 131 800 839 287 228 289 383 563 381 633 640 486 667 
398
96
610 923 238 148 74 128 972 826 467 437 379 127 481 645 845 90 461 153 499 662 731 129 840 584 109 91 276 562 141 942 817 331 151 426 293 730 492 273 391 608 451 818 993 485 483 640 262 83 530 724 163 284 281 980 757 911 383 447 353 523 465 348 858 992 625 837 631 368 580 95 466 661 708 722 605 325 809 114 205 889 82 409 569 164 847 257 270 166 537 896 926 799 505 854 330 894 
542
55
232 763 85 921 282 262 174 740 17 412 109 395 532 949 856 791 696 853 204 93 598 909 741 890 168 155 712 678 568 313 861 441 285 149 761 548 811 217 897 512 955 988 614 467 501 148 849 715 947 157 840 190 675 280 917 
858
15
671 470 172 771 795 828 465 397 3 911 609 729 510 670 90 
463
90
509 724 566 831 810 651 84 908 928 80 924 426 263 926 794 450 534 308 452 461 871 962 313 459 256 218 207 809 752 548 562 726 742 631 167 667 528 799 641 604 755 302 774 418 655 37 57 934 277 363 770 821 853 694 62 916 442 141 563 706 674 648 965 618 841 12 370 50 565 161 284 165 174 623 688 903 377 176 988 264 398 433 491 817 216 944 255 191 952 126 
856
55
352 652 274 302 823 687 289 982 579 474 692 560 840 271 26 156 997 424 290 967 6 465 367 944 775 850 62 880 20 792 658 122 532 938 676 813 315 599 979 555 637 660 492 88 583 699 630 481 13 483 730 494 56 106 168 
660
80
938 316 453 942 193 975 962 832 28 59 917 618 704 958 672 294 274 349 839 340 466 352 252 841 558 937 184 562 448 454 342 758 615 685 889 651 102 894 765 980 121 90 853 367 172 24 310 718 329 840 796 716 370 725 680 127 739 8 422 125 577 888 345 591 2 875 231 847 399 132 551 852 597 139 19 122 973 362 903 350 
959
85
762 794 886 823 492 234 509 623 590 125 309 694 353 214 802 917 372 302 827 140 178 277 629 408 626 621 60 669 505 926 559 883 743 635 255 242 503 299 157 975 366 638 435 663 118 104 152 725 471 119 259 832 865 480 493 192 589 375 991 734 676 954 713 402 473 172 295 188 387 963 929 51 324 888 551 956 500 340 163 22 468 814 90 766 900 
125
47
401 273 912 569 205 957 410 865 842 931 800 258 265 64 980 733 408 720 86 71 976 294 703 30 634 188 245 658 645 840 833 122 464 813 738 164 105 839 304 680 179 445 167 142 644 806 374 
328
