30
76
397 199 394 603 664 498 68 562 384 131 360 626 283 667 247 35 517 759 238 168 959 946 767 843 290 962 999 818 173 492 710 145 148 986 994 526 885 475 193 20 683 146 573 403 427 631 347 701 926 102 37 40 594 649 853 928 127 618 505 21 241 628 162 785 891 803 570 409 203 554 550 882 294 996 927 865 
536
4
882 626 292 644 
889
30
207 300 283 508 128 143 50 430 588 121 702 89 875 626 693 278 864 253 939 259 530 418 136 251 502 45 757 298 961 306 
470
47
243 559 45 77 291 768 43 127 889 704 982 676 766 285 117 226 868 502 410 651 288 114 335 515 169 464 266 554 360 420 74 754 887 790 184 966 828 395 406 640 245 469 158 414 379 648 955 
559
44
158 771 339 722 971 823 91 980 499 719 465 988 215 305 940 62 89 840 290 911 738 860 491 908 712 110 747 357 58 483 993 797 115 347 150 411 779 557 766 734 464 942 219 24 
283
38
40 872 164 84 962 988 689 973 525 16 119 256 149 634 45 4 247 504 590 243 583 870 308 217 493 239 30 297 487 64 103 538 804 633 126 48 882 341 
236
26
882 692 683 603 346 435 352 613 418 702 872 126 57 347 160 695 811 982 729 664 600 15 960 566 967 230 
441
49
528 730 270 151 254 649 194 776 314 645 74 533 307 464 609 647 385 465 636 231 796 905 204 552 706 871 434 207 192 494 968 206 220 820 183 551 267 186 275 232 823 696 202 990 937 752 126 259 123 
356
47
830 470 415 426 954 69 522 927 609 402 187 863 14 957 374 648 731 642 886 327 13 450 866 204 323 315 744 944 19 611 593 576 406 548 710 654 79 639 336 322 504 920 236 454 631 896 136 
224
35
998 398 919 609 99 685 865 610 174 563 379 352 171 205 884 385 881 546 178 845 63 451 950 977 122 53 882 619 330 382 98 637 731 742 296 
763
42
20 375 167 2 206 559 101 903 670 389 5 599 138 57 549 180 939 228 298 632 466 649 514 915 925 166 995 723 118 314 396 631 967 241 173 245 419 764 833 890 176 383 
341
46
185 32 948 259 272 781 51 625 657 292 298 833 205 456 97 255 957 862 746 75 690 621 391 264 652 699 896 223 349 206 783 775 580 805 557 453 985 222 395 865 613 448 256 4 938 212 
364
76
120 59 678 157 991 33 848 303 723 786 636 298 902 489 819 899 605 108 274 60 880 933 23 87 249 189 862 718 999 160 396 869 19 259 748 483 840 697 887 916 745 567 203 660 895 958 691 595 83 833 484 252 937 398 759 644 572 201 491 670 450 461 255 870 95 67 816 207 578 13 475 901 304 371 241 651 
741
50
871 466 773 794 556 86 677 140 88 589 949 388 437 621 991 156 107 179 471 374 795 398 518 684 845 288 950 832 335 650 20 220 536 837 652 282 404 725 25 239 236 574 495 899 815 275 172 267 846 521 
224
8
171 833 186 880 313 686 938 790 
418
11
423 955 196 204 741 886 285 713 668 615 429 
362
74
361 626 734 555 354 896 852 803 114 850 658 190 425 681 723 758 839 732 867 556 483 746 5 27 189 181 180 153 367 125 881 840 306 161 382 167 131 627 199 814 337 351 800 440 561 143 106 192 511 714 41 614 247 963 650 794 925 107 208 74 830 57 88 217 36 776 18 539 733 226 832 209 735 949 
9
80
665 462 383 676 851 124 223 639 753 281 695 599 625 869 110 234 871 339 791 42 981 149 683 668 518 959 936 245 579 23 836 918 239 635 491 852 602 605 863 587 823 868 58 268 189 546 458 174 408 215 691 820 570 368 82 504 301 259 378 154 582 783 237 225 21 108 295 73 365 139 486 334 756 371 764 393 461 891 190 188 
740
12
556 308 604 535 354 483 786 67 367 300 302 479 
602
89
244 919 158 767 262 806 438 275 97 188 7 775 35 477 392 495 219 550 983 887 856 992 58 866 672 854 354 99 290 103 63 530 625 570 978 446 332 461 950 892 603 930 68 781 592 813 260 684 361 719 400 297 237 175 170 928 168 487 316 431 450 660 152 243 771 727 742 836 467 199 475 528 920 43 668 221 88 502 733 120 451 73 975 972 102 731 849 669 553 
352
33
656 852 833 560 715 677 588 581 544 123 602 215 64 514 832 439 259 43 177 598 186 125 380 145 794 945 980 430 901 269 674 491 828 
904
53
665 762 781 711 951 614 297 138 61 607 471 198 984 10 567 846 983 656 829 765 906 799 46 958 384 945 43 333 209 340 153 872 980 228 744 599 937 910 820 440 32 441 104 649 848 305 796 327 411 290 870 217 89 
48
90
493 782 694 127 595 962 60 323 374 145 764 887 504 831 486 147 243 89 329 535 863 454 295 94 983 47 76 677 24 494 162 211 148 700 992 189 21 910 754 137 737 142 627 633 477 506 994 720 381 933 884 558 922 797 10 293 522 255 8 606 993 944 308 935 249 657 856 185 862 598 426 313 589 383 372 557 668 695 345 342 752 942 18 773 414 397 634 751 236 809 
205
3
390 449 595 
930
59
353 579 284 496 298 487 824 676 306 434 417 809 870 268 164 172 798 691 234 542 336 273 467 339 718 650 261 203 385 406 680 365 543 635 876 524 546 229 43 654 459 874 324 264 392 263 927 208 358 766 213 517 568 743 525 924 126 135 310 
921
75
895 885 305 11 346 832 529 121 882 711 488 859 424 690 35 146 163 140 364 710 751 116 951 233 982 645 917 983 464 535 425 987 962 427 824 176 41 598 614 126 107 805 495 230 206 582 268 755 583 339 378 89 353 579 376 164 417 528 612 557 363 913 863 974 166 426 169 525 676 560 63 976 167 733 883 
692
21
620 155 893 875 200 499 707 45 389 347 67 159 446 186 296 321 696 95 608 254 86 
401
82
13 582 269 756 382 938 463 191 456 547 543 316 608 213 323 644 763 148 443 772 939 770 518 237 153 178 587 286 411 365 49 181 4 909 152 220 290 306 747 529 364 399 232 512 398 684 527 128 964 216 720 451 955 685 731 274 504 245 401 844 381 724 817 656 484 59 808 405 932 987 741 992 830 511 190 937 676 695 791 706 350 610 
951
59
841 522 559 77 91 175 952 116 235 912 407 922 513 976 730 479 837 191 851 635 887 103 409 724 250 137 670 341 531 84 712 412 257 33 834 857 704 684 956 930 461 858 478 316 47 311 644 637 66 440 950 86 731 203 426 204 614 772 543 
630
66
940 858 831 546 833 854 196 195 743 490 863 497 72 264 901 821 711 585 614 346 34 280 725 600 800 772 211 985 456 258 173 276 746 20 661 369 691 191 750 826 718 10 775 802 605 201 824 850 259 304 660 452 326 736 184 906 121 367 109 705 218 101 56 864 815 253 
862
