30
54
932 289 867 859 637 258 203 894 528 429 566 230 105 48 785 465 221 988 639 233 567 107 805 868 676 468 100 628 35 934 647 970 16 329 296 419 322 574 706 425 512 229 992 952 159 288 744 901 17 295 397 935 55 547 
293
5
760 860 435 366 736 
639
32
404 907 428 624 519 534 853 359 650 925 574 480 2 539 918 315 125 807 44 867 255 722 474 462 979 167 329 966 581 103 516 424 
305
7
506 976 162 164 606 566 13 
582
69
318 412 197 210 769 515 36 215 502 202 499 372 435 132 78 196 205 791 401 521 596 284 331 479 675 311 22 980 326 647 348 853 635 993 599 895 44 840 763 549 307 863 878 313 381 385 353 245 842 985 220 888 314 712 699 207 565 542 795 928 472 85 368 486 572 457 71 67 127 
595
33
91 356 316 746 341 602 710 784 260 10 683 311 675 632 472 257 842 841 113 597 413 695 80 23 490 111 102 321 326 438 236 266 360 
582
67
929 135 799 911 517 78 600 374 430 293 492 645 679 66 87 41 650 640 945 861 635 704 873 433 700 784 359 71 261 940 270 91 666 453 966 368 773 898 562 279 826 378 689 420 222 986 300 385 283 277 260 336 199 230 153 610 355 108 669 985 870 634 853 407 129 594 557 
773
35
63 971 579 783 910 242 623 91 429 527 495 988 911 883 22 356 400 54 386 399 968 492 248 427 201 564 734 232 964 805 403 508 408 892 450 
840
67
964 181 961 724 587 815 885 467 952 215 103 504 494 641 118 764 471 16 358 456 608 551 18 15 450 791 603 941 5 544 731 698 188 935 980 138 882 681 459 200 344 716 590 345 187 820 705 927 199 537 968 289 700 272 466 495 661 25 355 304 36 377 803 732 227 21 176 
369
100
865 720 797 615 776 404 65 270 496 158 719 183 730 602 124 397 739 349 798 83 920 611 762 734 262 196 870 521 708 930 495 863 652 220 596 345 165 50 769 258 656 950 973 303 130 915 693 23 522 949 493 18 707 961 805 289 724 909 697 578 738 998 84 885 234 722 506 240 243 68 965 282 750 518 135 820 667 364 681 136 945 490 38 261 892 975 714 477 658 531 726 638 859 960 484 941 729 40 277 396 
266
69
416 248 613 578 898 12 707 562 368 937 450 76 725 278 301 230 766 704 428 543 721 652 569 599 494 528 414 359 270 826 667 559 207 9 808 835 31 980 395 664 905 208 648 461 185 856 487 681 242 258 348 379 732 663 263 181 257 194 620 506 723 860 876 448 160 366 411 124 127 
1
32
799 925 430 321 595 402 204 107 528 982 888 539 984 517 630 322 994 421 853 42 978 615 721 719 714 170 749 581 656 376 254 572 
786
15
687 430 356 628 357 627 615 489 443 455 243 402 914 721 458 
212
20
492 298 957 628 244 823 522 57 472 788 734 129 390 156 445 792 652 927 736 68 
234
39
643 24 637 730 263 155 565 196 915 527 366 425 423 633 632 522 665 575 302 66 133 165 212 644 769 465 254 528 313 790 704 504 726 926 515 825 762 178 582 
983
28
581 19 375 880 524 979 534 237 659 518 959 111 693 547 876 200 507 896 23 962 715 795 804 727 218 977 46 512 
631
85
14 812 496 54 82 314 350 121 262 501 768 694 238 884 569 630 143 179 149 945 406 28 628 596 235 49 245 437 927 160 741 966 334 714 286 563 476 253 580 195 50 116 246 663 870 429 469 905 176 25 568 859 256 301 373 792 220 920 842 565 652 825 794 94 695 321 779 58 357 219 547 707 626 140 272 376 106 688 387 828 156 391 736 385 292 
956
97
668 871 281 1 12 625 516 74 102 408 349 789 844 293 269 394 256 631 921 491 250 716 39 192 807 52 238 404 929 51 512 417 451 646 865 969 653 732 741 402 951 137 968 217 912 840 797 614 258 558 827 487 595 699 697 495 441 98 193 276 314 123 950 97 232 160 322 371 237 319 824 179 15 462 695 379 172 48 403 939 651 617 195 377 99 643 157 739 783 905 722 656 200 628 621 881 298 
975
39
99 766 271 363 163 815 503 961 177 248 928 768 332 692 33 108 385 68 453 697 549 229 416 208 713 556 695 255 71 38 261 618 307 908 375 192 657 757 414 
462
56
145 442 175 90 239 269 216 29 753 352 338 367 818 302 709 769 143 430 573 261 890 475 972 453 389 117 761 232 412 676 236 238 871 123 497 200 810 35 69 229 696 920 956 994 686 13 904 739 215 771 30 383 139 199 690 969 
403
88
795 33 742 989 427 894 869 702 513 416 250 688 508 767 252 497 630 316 791 236 823 218 516 801 214 390 953 934 611 779 322 200 372 822 996 410 915 498 798 404 293 938 454 816 367 288 765 957 379 839 754 277 368 878 607 324 565 7 601 857 629 160 412 856 586 912 952 275 848 452 515 738 199 161 737 872 664 759 411 89 328 859 93 729 994 183 343 756 
766
46
631 64 856 189 548 343 436 454 345 917 945 308 241 100 98 845 651 126 447 549 333 15 576 793 647 829 953 529 460 132 208 930 21 173 445 448 34 974 862 605 31 274 135 121 544 870 
762
86
72 161 798 197 856 540 902 841 871 80 829 409 139 438 985 753 969 230 955 70 384 959 887 551 382 399 157 91 672 791 173 810 625 315 232 703 23 773 939 153 69 73 329 371 520 273 119 246 847 88 337 43 714 795 927 199 977 517 60 731 311 148 418 356 218 999 853 800 113 187 129 980 104 833 897 46 515 351 151 807 293 639 500 212 430 456 
732
46
68 200 346 49 826 909 263 258 278 923 2 243 838 884 337 416 184 477 6 208 804 677 602 687 637 558 28 634 71 966 245 314 550 74 271 514 847 66 57 762 799 601 926 399 890 676 
169
24
940 691 84 181 326 991 20 531 673 542 590 564 598 919 92 463 200 939 960 826 521 12 436 758 
274
16
131 330 597 64 773 52 652 326 793 771 210 781 944 412 846 403 
407
63
504 108 594 124 122 850 116 547 342 567 914 84 227 146 282 604 577 890 339 102 421 233 424 874 105 143 913 349 531 649 340 898 741 472 359 877 661 36 212 455 857 704 406 439 440 526 117 535 984 556 524 723 185 331 197 592 761 431 1 601 462 416 327 
305
88
718 326 261 516 489 456 375 250 876 327 743 972 553 127 387 784 197 288 373 702 683 334 845 243 169 974 668 864 398 672 886 511 687 900 460 902 525 412 608 102 945 950 74 588 688 112 141 305 542 557 245 860 856 535 679 720 964 987 359 497 803 913 485 549 483 473 877 896 935 498 923 376 754 757 696 100 889 762 345 658 944 224 717 48 523 888 726 640 
112
91
80 256 71 237 673 934 454 54 791 669 520 869 525 928 827 847 866 610 227 993 848 713 186 249 85 862 433 123 462 448 921 259 930 320 245 882 414 107 484 906 932 99 971 855 545 342 613 124 60 841 273 39 989 255 242 118 821 23 922 132 330 152 56 1 416 220 864 946 800 206 244 578 443 96 883 649 50 93 46 844 616 413 850 12 860 493 963 15 209 748 193 
808
14
504 358 379 526 862 349 728 278 845 556 10 784 186 348 
488
