30
6
427 178 390 740 612 249 
814
6
511 836 769 717 861 915 
7
8
820 164 554 587 770 529 644 954 
885
2
307 571 
527
4
762 11 548 921 
209
9
288 803 188 143 370 323 85 785 651 
667
2
249 90 
388
6
605 48 225 751 195 461 
987
10
798 953 698 196 224 420 186 750 911 809 
338
10
153 527 466 116 233 748 659 918 104 437 
680
7
36 459 535 18 336 574 341 
794
8
465 671 20 49 836 204 234 894 
436
1
832 
46
7
776 847 619 467 106 436 444 
251
2
740 363 
230
7
47 310 135 977 12 645 289 
399
9
855 371 298 795 711 753 621 229 534 
904
10
214 641 650 638 717 246 884 476 932 816 
781
6
453 502 793 510 242 601 
673
8
180 617 146 908 751 759 875 173 
652
7
481 145 166 548 591 155 547 
297
3
655 838 438 
538
8
743 110 50 506 10 690 622 3 
600
4
914 683 412 846 
6
7
883 499 426 554 654 666 758 
873
7
125 724 663 404 280 676 926 
107
8
411 239 413 581 371 163 241 64 
319
4
690 894 272 265 
39
8
891 224 780 655 967 768 364 215 
348
5
846 358 403 241 585 
250
