30
8
335 344 331 452 411 808 474 33 
873
10
867 598 14 137 109 924 922 685 88 210 
297
6
449 521 116 29 828 935 
928
4
51 104 97 322 
832
3
109 580 286 
380
9
632 366 200 74 897 995 59 349 457 
249
6
16 751 888 589 322 560 
755
3
441 401 269 
125
10
956 555 403 925 175 53 35 665 30 464 
984
5
220 690 306 86 221 
702
5
323 876 96 702 759 
502
3
658 287 161 
102
3
996 600 845 
501
2
789 204 
427
7
624 959 118 794 52 177 24 
712
1
308 
867
3
940 871 534 
404
5
602 237 882 25 277 
274
9
342 611 681 932 228 956 674 647 296 
119
3
898 209 956 
299
6
105 153 843 376 225 470 
989
8
75 30 879 389 305 25 696 824 
277
10
539 470 262 425 349 436 361 286 791 463 
134
3
104 731 902 
314
4
754 523 343 889 
126
4
644 5 503 890 
881
6
844 611 456 595 779 921 
76
7
885 846 426 879 755 181 477 
520
2
417 611 
917
4
298 805 619 564 
627
