30
5
556 40 628 686 360 
158
8
97 376 445 758 639 677 32 40 
222
6
713 388 100 177 724 642 
959
2
477 272 
691
5
237 969 301 821 487 
148
3
276 554 359 
492
10
873 128 881 304 263 225 846 390 429 660 
401
4
231 246 707 135 
53
5
498 268 293 319 826 
527
4
180 203 620 211 
159
2
910 798 
383
7
655 894 496 114 645 656 815 
341
3
122 175 973 
670
5
394 974 55 848 63 
341
10
183 513 921 193 545 149 9 275 992 541 
490
7
991 19 783 995 186 536 902 
572
9
101 944 455 700 436 218 181 405 494 
675
5
620 683 87 27 426 
425
9
38 575 618 51 40 246 31 659 341 
743
4
859 273 696 507 
797
8
991 365 234 208 226 533 236 470 
594
9
377 430 656 381 963 270 257 980 682 
371
6
962 224 500 314 233 990 
895
5
627 568 7 642 80 
100
10
640 991 599 233 290 260 635 75 459 888 
50
7
312 667 495 666 773 640 343 
299
10
376 974 377 927 953 841 66 963 584 234 
475
1
279 
562
5
166 442 139 711 130 
726
8
696 290 235 643 743 90 323 365 
436
