30
9
870 384 118 122 470 222 291 557 847 
288
4
953 674 380 725 
372
1
375 
683
7
431 253 379 624 421 235 313 
540
5
522 668 193 347 861 
735
9
444 983 424 37 193 245 813 969 959 
480
6
204 155 224 328 616 392 
176
8
566 32 462 193 540 209 761 583 
135
5
96 587 419 293 69 
850
7
147 606 768 128 912 493 996 
710
4
453 300 477 315 
703
6
425 86 765 202 940 993 
850
4
676 956 282 373 
354
7
392 398 502 983 355 639 369 
316
6
659 39 81 976 953 305 
395
8
138 374 103 176 296 819 77 492 
464
1
691 
215
3
457 224 570 
413
9
455 443 632 226 953 937 609 840 326 
268
9
664 438 271 818 218 603 143 167 180 
692
1
174 
36
2
555 22 
634
4
179 538 231 319 
278
2
795 547 
612
8
861 494 542 422 522 681 140 396 
180
6
850 594 3 547 631 32 
977
9
870 628 389 238 897 275 790 405 758 
605
6
791 450 875 239 864 135 
48
9
906 561 466 218 425 746 882 191 509 
582
1
914 
653
