30
9
197 312 21 131 346 408 393 476 511 
297
1
100 
949
5
480 644 833 632 282 
751
5
471 325 178 295 270 
639
1
675 
758
9
387 121 17 738 30 317 636 534 977 
594
7
407 561 608 697 498 775 850 
288
2
227 605 
663
5
30 155 527 12 619 
833
4
941 87 966 313 
39
2
314 36 
614
7
370 356 324 803 364 553 472 
878
9
673 347 201 191 41 578 17 942 558 
805
4
484 564 353 106 
744
10
139 839 367 849 409 410 926 981 623 477 
840
2
221 646 
913
3
76 948 69 
756
7
632 747 767 782 772 258 451 
321
2
483 225 
287
8
659 286 796 475 595 555 353 157 
455
8
33 819 254 802 469 385 629 735 
890
5
522 403 235 699 44 
187
6
700 618 859 236 991 545 
69
3
12 116 973 
968
4
730 956 979 476 
142
4
1 909 348 980 
343
3
972 831 448 
158
8
965 873 638 759 618 836 100 23 
405
7
476 115 121 313 570 258 573 
836
10
491 551 920 579 788 792 220 138 980 948 
489
