30
7
364 775 913 842 197 72 760 
55
9
944 484 824 697 326 95 337 134 898 
616
7
900 967 971 545 830 3 508 
82
10
91 869 216 969 828 141 528 263 712 631 
718
10
476 356 734 391 527 201 980 318 878 969 
144
1
118 
81
4
954 319 189 694 
187
1
404 
624
5
738 734 458 558 802 
756
7
43 664 867 36 242 370 403 
111
10
697 821 573 588 917 199 629 314 164 808 
33
3
937 319 965 
927
8
892 690 688 578 57 425 841 800 
640
7
790 706 122 69 199 488 135 
729
1
526 
40
10
462 268 576 780 183 812 508 704 272 223 
844
5
784 499 12 480 677 
593
3
635 457 932 
712
9
879 39 444 495 438 169 986 394 980 
501
1
74 
99
7
138 251 462 396 932 435 671 
202
4
903 675 316 331 
459
2
856 646 
908
2
316 143 
168
1
245 
453
1
59 
688
4
137 333 856 537 
575
3
187 257 444 
435
10
573 755 303 350 794 19 114 915 961 547 
107
7
255 987 735 677 608 389 163 
56
